[gd_scene load_steps=40 format=3 uid="uid://c3ohqi6lpmu8n"]

[ext_resource type="ArrayMesh" uid="uid://c8xumrmgn2pvo" path="res://resources/meshes/elephant_body.res" id="1_o0mrl"]
[ext_resource type="Animation" uid="uid://4k158ih0aojk" path="res://resources/animations/elephant/elephant_abn_death_00.res" id="2_bpaaa"]
[ext_resource type="Animation" uid="uid://bqq0u58yb8gw4" path="res://resources/animations/elephant/elephant_abn_death_01.res" id="3_2vecd"]
[ext_resource type="Animation" uid="uid://e8ma8cl3a7bj" path="res://resources/animations/elephant/elephant_abn_taming_shake_00.res" id="4_u1qyn"]
[ext_resource type="Animation" uid="uid://ckqqnp8wbaq53" path="res://resources/animations/elephant/elephant_abn_taming_shake_01.res" id="5_f3tts"]
[ext_resource type="Animation" uid="uid://ddr43yjogpuio" path="res://resources/animations/elephant/elephant_att_frontkkick_00.res" id="6_ts6cp"]
[ext_resource type="Animation" uid="uid://cqn2wt8w1d5ho" path="res://resources/animations/elephant/elephant_att_l_00.res" id="7_fmvpx"]
[ext_resource type="Animation" uid="uid://lu4pcqugto7q" path="res://resources/animations/elephant/elephant_att_r_00.res" id="8_3idvf"]
[ext_resource type="Animation" uid="uid://bxcb2w8ukxsxv" path="res://resources/animations/elephant/elephant_move_run_dash_00.res" id="9_r2qy6"]
[ext_resource type="Animation" uid="uid://crvvg32gwq2xj" path="res://resources/animations/elephant/elephant_move_run_f_00.res" id="10_g0wrl"]
[ext_resource type="Animation" uid="uid://dxtjmhxi2lerh" path="res://resources/animations/elephant/elephant_move_run_f_stop_00.res" id="11_ic4mf"]
[ext_resource type="Animation" uid="uid://b8dahvdje2gxq" path="res://resources/animations/elephant/elephant_move_run_l_00.res" id="12_7qhxl"]
[ext_resource type="Animation" uid="uid://cv6hl5fuf0weh" path="res://resources/animations/elephant/elephant_move_run_r_00.res" id="13_lfl0t"]
[ext_resource type="Animation" uid="uid://dra1pix0oehf6" path="res://resources/animations/elephant/elephant_move_turn_l_00.res" id="14_kllx0"]
[ext_resource type="Animation" uid="uid://bojwvknldg0n5" path="res://resources/animations/elephant/elephant_move_turn_r_00.res" id="15_yutoj"]
[ext_resource type="Animation" uid="uid://dekgcvosf8r88" path="res://resources/animations/elephant/elephant_move_walk_b_00.res" id="16_w6dg1"]
[ext_resource type="Animation" uid="uid://dtok2qgsvhdl4" path="res://resources/animations/elephant/elephant_move_walk_b_start_00.res" id="17_jbf3i"]
[ext_resource type="Animation" uid="uid://bipb1vx31tr54" path="res://resources/animations/elephant/elephant_move_walk_b_stop_00.res" id="18_phnh7"]
[ext_resource type="Animation" uid="uid://dk1bsdsprh04v" path="res://resources/animations/elephant/elephant_move_walk_f_00.res" id="19_aet7t"]
[ext_resource type="Animation" uid="uid://c3uqhdoa5aibt" path="res://resources/animations/elephant/elephant_move_walk_f_start_00.res" id="20_iatej"]
[ext_resource type="Animation" uid="uid://c8p5w7dv4jrqg" path="res://resources/animations/elephant/elephant_move_walk_f_stop_00.res" id="21_fxtth"]
[ext_resource type="Animation" uid="uid://dtge5gp0ie7ai" path="res://resources/animations/elephant/elephant_move_walk_l_00.res" id="22_v1wej"]
[ext_resource type="Animation" uid="uid://csxjbtatjpcf" path="res://resources/animations/elephant/elephant_move_walk_l_start_00.res" id="23_u65m5"]
[ext_resource type="Animation" uid="uid://bt34nof8lga3a" path="res://resources/animations/elephant/elephant_move_walk_l_stop_00.res" id="24_ljpr4"]
[ext_resource type="Animation" uid="uid://24x2n06m2mai" path="res://resources/animations/elephant/elephant_move_walk_r_00.res" id="25_n7plu"]
[ext_resource type="Animation" uid="uid://spx4fghl6due" path="res://resources/animations/elephant/elephant_move_walk_r_start_00.res" id="26_n50vn"]
[ext_resource type="Animation" uid="uid://cam26f1i30t4l" path="res://resources/animations/elephant/elephant_move_walk_r_stop_00.res" id="27_etm8q"]
[ext_resource type="Animation" uid="uid://c158tl0m2c2i" path="res://resources/animations/elephant/elephant_riding_off_r.res" id="28_kmbb0"]
[ext_resource type="Animation" uid="uid://sg7m46f8t8re" path="res://resources/animations/elephant/elephant_riding_on_l.res" id="29_ulpol"]
[ext_resource type="Animation" uid="uid://cj1gebupb01x2" path="res://resources/animations/elephant/elephant_riding_on_r.res" id="30_5yyqa"]
[ext_resource type="Animation" uid="uid://bcrdi28b3t7pv" path="res://resources/animations/elephant/elephant_stand_idle_00.res" id="31_v6t3x"]
[ext_resource type="Animation" uid="uid://7f501nvmvrhy" path="res://resources/animations/elephant/elephant_stand_idle_exciting_00.res" id="32_nug2x"]
[ext_resource type="Animation" uid="uid://257slm0hoanw" path="res://resources/animations/elephant/elephant_stand_idle_sick_00.res" id="33_qq1v8"]
[ext_resource type="Animation" uid="uid://4d3k7wn6x3dd" path="res://resources/animations/elephant/elephant_stand_idle_sitdown_end_00.res" id="34_ncuq1"]
[ext_resource type="Animation" uid="uid://chjd8kugo88pt" path="res://resources/animations/elephant/elephant_stand_idle_sitdown_ing_00.res" id="35_i5dt7"]
[ext_resource type="Animation" uid="uid://bojqdj8mw01ul" path="res://resources/animations/elephant/elephant_stand_idle_sitdown_start_00.res" id="36_m2363"]

[sub_resource type="Skin" id="Skin_t5t4l"]
resource_name = "Skin"
bind_count = 64
bind/0/name = &"Bip01 Footsteps"
bind/0/bone = -1
bind/0/pose = Transform3D(100.011, -0.0429009, 0.0331493, 0.0429101, 100.011, 0.00634489, -0.0331521, -0.0063263, 100.011, 12.3906, 1.68361, -150)
bind/1/name = &"Bip01 Pelvis"
bind/1/bone = -1
bind/1/pose = Transform3D(-0.0325125, 1.40524, 100.001, -100.011, 0.0441614, -0.0331362, -0.0446286, -100.001, 1.40522, -154.414, -12.3948, 311.639)
bind/2/name = &"Bip01 Spine"
bind/2/bone = -1
bind/2/pose = Transform3D(-0.0373839, -10.5292, 99.455, -100.011, 0.0428615, -0.0330543, -0.0391493, -99.4548, -10.5293, -83.5254, -12.391, 323.524)
bind/3/name = &"Bip01 Spine1"
bind/3/bone = -1
bind/3/pose = Transform3D(-0.0418276, -22.2279, 97.5094, -100.011, 0.0427479, -0.0331545, -0.0343158, -97.5092, -22.228, 54.239, -12.3906, 319.434)
bind/4/name = &"Bip01 Spine2"
bind/4/bone = -1
bind/4/pose = Transform3D(-0.043596, -27.9568, 96.0238, -100.011, 0.0423108, -0.0330857, -0.031381, -96.0236, -27.9569, 180.137, -12.389, 309.401)
bind/5/name = &"Bip01 Neck"
bind/5/bone = -1
bind/5/pose = Transform3D(-0.0354974, -5.93878, 99.8343, -100.011, 0.0419889, -0.0330619, -0.0399575, -99.8342, -5.93881, 197.38, -12.3877, 353.665)
bind/6/name = &"Bip01 Head"
bind/6/bone = -1
bind/6/pose = Transform3D(-0.0216604, 24.3009, 97.0135, -100.011, 0.0426052, -0.0330032, -0.0493534, -97.0133, 24.301, 139.454, -12.3898, 433.567)
bind/7/name = &"B_Jaw00"
bind/7/bone = -1
bind/7/pose = Transform3D(0.00385358, 73.2466, 68.0961, 100.011, -0.0510229, 0.0492289, 0.0707997, 68.0959, -73.2467, -6.75069, 12.4527, -340.314)
bind/8/name = &"B_Ear_L_00"
bind/8/bone = -1
bind/8/pose = Transform3D(54.7162, 54.7002, -63.3733, -73.3453, -5.17443, -67.7925, -40.3575, 83.5658, 37.2848, -328.615, -211.34, -237.328)
bind/9/name = &"B_Ear_L_01"
bind/9/bone = -1
bind/9/pose = Transform3D(61.8434, 74.6256, -24.6686, -50.4219, 13.5903, -85.2941, -60.2922, 65.1801, 46.0275, -252.745, -294.146, -173.374)
bind/10/name = &"B_Ear_R_00"
bind/10/bone = -1
bind/10/pose = Transform3D(-54.6275, 54.747, -63.4093, -73.3857, 5.2371, 67.744, 40.4043, 83.5313, 37.3116, -342.162, 193.161, -227.322)
bind/11/name = &"B_Ear_R_01"
bind/11/bone = -1
bind/11/pose = Transform3D(-61.763, 74.6786, -24.7096, -50.4901, -13.547, 85.2607, 60.3175, 65.1284, 46.0675, -268.059, 281.644, -158.431)
bind/12/name = &"B_Nose_00"
bind/12/bone = -1
bind/12/pose = Transform3D(0.037079, 98.725, 15.9847, 100.011, -0.0429944, 0.033589, 0.0400301, 15.9847, -98.7251, -232.141, 12.3927, -375.828)
bind/13/name = &"B_Nose_01"
bind/13/bone = -1
bind/13/pose = Transform3D(0.0343963, 97.4245, 22.5961, 100.011, -0.0430167, 0.0332562, 0.0421168, 22.5961, -97.4247, -136.747, 12.3916, -385.912)
bind/14/name = &"B_Nose_02"
bind/14/bone = -1
bind/14/pose = Transform3D(0.0151381, 80.8866, 58.8175, 100.011, -0.042553, 0.0327874, 0.0515474, 58.8174, -80.8867, 90.0435, 12.3891, -380.974)
bind/15/name = &"B_Nose_03"
bind/15/bone = -1
bind/15/pose = Transform3D(-0.000670099, 59.198, 80.6086, 100.011, -0.0417644, 0.031507, 0.0523165, 80.6084, -59.1981, 270.892, 12.3833, -313.501)
bind/16/name = &"Bip01 L Clavicle"
bind/16/bone = -1
bind/16/pose = Transform3D(18.2695, 86.5226, 46.7141, 3.88657, 46.841, -88.2778, -98.2509, 17.9415, 5.1943, -270.307, -292.762, -143.92)
bind/17/name = &"Bip01 L UpperArm"
bind/17/bone = -1
bind/17/pose = Transform3D(1.50859, 71.9423, -69.4563, -99.8483, -2.73157, -4.99805, -5.49237, 69.4189, 71.7844, -341.163, -98.5035, -99.0973)
bind/18/name = &"Bip01 L Forearm"
bind/18/bone = -1
bind/18/pose = Transform3D(-4.23858, 94.2586, 33.1586, -99.8483, -2.73174, -4.998, -3.80483, -33.3165, 94.2215, -205.215, -98.5029, 188.93)
bind/19/name = &"Bip01 L Hand"
bind/19/bone = -1
bind/19/pose = Transform3D(-2.80603, 99.7998, -5.85202, 99.964, 2.8716, 1.03951, 1.20534, -5.82013, -99.834, -167.784, 92.4975, -138.446)
bind/20/name = &"Bip01 L Finger1"
bind/20/bone = -1
bind/20/pose = Transform3D(-1.84018, 99.9921, -0.578347, 99.9904, 1.84478, 0.800417, 0.810933, -0.563523, -100.006, -75.0603, 94.6849, -158.001)
bind/21/name = &"Bip01 R Clavicle"
bind/21/bone = -1
bind/21/pose = Transform3D(-18.2263, 86.5382, 46.702, 3.7881, -46.8442, 88.2804, 98.2628, 17.8574, 5.25925, -274.829, 293.713, -119.573)
bind/22/name = &"Bip01 R UpperArm"
bind/22/bone = -1
bind/22/pose = Transform3D(-1.40081, 71.9434, -69.4574, -99.8492, 2.81742, 4.93203, 5.5046, 69.4142, 71.7879, -341.523, 73.7609, -97.7354)
bind/23/name = &"Bip01 R Forearm"
bind/23/bone = -1
bind/23/pose = Transform3D(4.29752, 94.2549, 33.1614, -99.8492, 2.81733, 4.93211, 3.71409, -33.3198, 94.224, -204.157, 73.7612, 189.862)
bind/24/name = &"Bip01 R Hand"
bind/24/bone = -1
bind/24/pose = Transform3D(2.89538, 99.7974, -5.85015, 99.9622, -2.95722, -0.973491, -1.1444, -5.81913, -99.8347, -167.078, -67.7275, -138.737)
bind/25/name = &"Bip01 R Finger1"
bind/25/bone = -1
bind/25/pose = Transform3D(1.92613, 99.9904, -0.577115, 99.9893, -1.93034, -0.734414, -0.74541, -0.562849, -100.006, -74.5935, -69.9083, -158.194)
bind/26/name = &"B_Ryder_Point_00"
bind/26/bone = -1
bind/26/pose = Transform3D(100.011, -0.0414942, 0.0337766, 0.0414982, 100.011, 0.00629289, -0.0337799, -0.00627073, 100.011, 12.3858, -500.333, 165.406)
bind/27/name = &"B_Pedal_R"
bind/27/bone = -1
bind/27/pose = Transform3D(-25.8528, 93.6953, 23.5575, 0.0424053, 24.3973, -96.9893, -96.6114, -25.0618, -6.34646, -371.628, -302.443, 163.814)
bind/28/name = &"B_IK_R_Foot"
bind/28/bone = -1
bind/28/pose = Transform3D(2.64046, -21.1522, 97.7127, 94.9244, 31.2078, 4.19054, -31.377, 92.6325, 20.9004, 294.394, -188.771, -338.6)
bind/29/name = &"B_Pedal_L"
bind/29/bone = -1
bind/29/pose = Transform3D(25.9164, 93.6734, 23.5746, 0.0424858, 24.3973, -96.9893, -96.5943, 25.1434, 6.28244, -365.215, -302.443, -187.746)
bind/30/name = &"B_IK_L_Foot"
bind/30/bone = -1
bind/30/pose = Transform3D(-0.042702, -24.3973, 96.9893, 93.6772, -33.9759, -8.50529, 35.0243, 90.8435, 22.8668, 308.739, 213.73, -315.885)
bind/31/name = &"B_Ryder_00"
bind/31/bone = -1
bind/31/pose = Transform3D(-0.0425079, -100.011, -0.00630094, 100.011, -0.042504, 0.0329205, -0.0329233, -0.00628332, 100.011, 500.332, 12.3894, 165.407)
bind/32/name = &"B_Handle"
bind/32/bone = -1
bind/32/pose = Transform3D(-0.026982, -92.8838, -37.0774, -0.0465263, -37.0773, 92.8839, -100.011, 0.0423021, -0.0332032, 374.258, 401.248, -12.3889)
bind/33/name = &"B_IK_L_Hand"
bind/33/bone = -1
bind/33/pose = Transform3D(0.0380985, 99.3152, 11.7737, -81.9456, -6.71845, 56.9378, 57.3328, -9.66865, 81.3733, -495.553, 131.138, 245.189)
bind/34/name = &"B_IK_R_Hand"
bind/34/bone = -1
bind/34/pose = Transform3D(0.0382396, 99.3152, 11.7739, -68.2797, 8.6288, -72.5642, -73.0754, -8.01057, 67.8083, -495.553, -195.883, 194.714)
bind/35/name = &"B_PlayerCamera_00"
bind/35/bone = -1
bind/35/pose = Transform3D(100.011, -0.042203, 0.032861, 0.0423724, 100.009, -0.49632, -0.0326509, 0.496331, 100.01, 12.3878, -544.641, 162.672)
bind/36/name = &"B_Deco_L_00"
bind/36/bone = -1
bind/36/pose = Transform3D(45.2044, 87.0805, 19.3828, -89.1838, 44.6526, 7.38418, -2.22453, -20.6221, 97.8363, -278.287, -288.154, 161.075)
bind/37/name = &"B_Deco_R_00"
bind/37/bone = -1
bind/37/pose = Transform3D(-45.1431, 87.1189, 19.3528, 89.2169, 44.5767, 7.4435, -2.14191, 20.6239, -97.8377, -289.48, -266.053, -161.616)
bind/38/name = &"B_Prop_00"
bind/38/bone = -1
bind/38/pose = Transform3D(0.0402492, 17.8669, -98.4019, 100.011, -0.0427459, 0.0331447, -0.0361428, -98.4018, -17.8669, -202.555, 12.39, 448.468)
bind/39/name = &"B_IK_Point_02_R_Foot"
bind/39/bone = -1
bind/39/pose = Transform3D(100.011, -0.0430663, 0.0331059, 0.0331154, 0.0061748, -100.011, 0.0430681, 100.011, 0.00619357, 68.4352, 13.8972, -440.625)
bind/40/name = &"B_Ryder_Point_02"
bind/40/bone = -1
bind/40/pose = Transform3D(0.0338376, 0.00705134, -100.011, 0.407016, 100.01, 0.007193, 100.01, -0.407022, 0.0338061, 35.3058, -440.73, 73.9957)
bind/41/name = &"B_IK_Point_02_L_Foot"
bind/41/bone = -1
bind/41/pose = Transform3D(100.011, -0.0430708, 0.0330959, 0.0330915, 0.00617321, -100.011, 0.0430789, 100.011, 0.0061876, 66.2634, 57.8248, -440.996)
bind/42/name = &"B_IK_Point_01_L_Foot"
bind/42/bone = -1
bind/42/pose = Transform3D(-100.011, 0.0430246, -0.0332032, -0.0332074, -0.00629542, 100.011, 0.0430272, 100.011, 0.00631349, 43.6523, -13.8966, -440.625)
bind/43/name = &"B_Ryder_Point_01"
bind/43/bone = -1
bind/43/pose = Transform3D(-0.0338326, -0.00546513, 100.011, 0.258946, 100.01, 0.00555411, -100.01, 0.258935, -0.0338182, -35.3119, -441.097, 46.6567)
bind/44/name = &"B_IK_Point_01_R_Foot"
bind/44/bone = -1
bind/44/pose = Transform3D(-100.011, 0.0430231, -0.0332035, -0.0332065, -0.00629411, 100.011, 0.0430255, 100.011, 0.00631203, 41.4806, -57.8243, -440.996)
bind/45/name = &"B_Ryder_Point_04"
bind/45/bone = -1
bind/45/pose = Transform3D(100.011, -0.0430678, 0.0330858, 0.0330953, 0.00617335, -100.011, 0.0430706, 100.011, 0.00619342, 12.3916, -67.6898, -481.568)
bind/46/name = &"B_PlayerCamera_02"
bind/46/bone = -1
bind/46/pose = Transform3D(0.0330338, 0.0062463, -100.011, 0.0429526, 100.011, 0.00626529, 100.011, -0.04295, 0.0330271, 35.3088, -526.461, 72.391)
bind/47/name = &"B_PlayerCamera_01"
bind/47/bone = -1
bind/47/pose = Transform3D(-0.0331679, -0.00622528, 100.011, 0.0429534, 100.011, 0.00624447, -100.011, 0.0429452, -0.0331632, -35.309, -526.461, 47.6089)
bind/48/name = &"Bip01 L Thigh"
bind/48/bone = -1
bind/48/pose = Transform3D(0.0436362, 99.9955, -1.73821, 100.011, -0.0430653, 0.0328803, 0.0321269, -1.73823, -99.9957, -311.123, 87.6655, 155.451)
bind/49/name = &"Bip01 L Calf"
bind/49/bone = -1
bind/49/pose = Transform3D(0.0481219, 98.2543, -18.6609, 100.011, -0.0427388, 0.0328413, 0.024289, -18.6609, -98.2544, -145.429, 87.6646, 182.743)
bind/50/name = &"Bip01 L Foot"
bind/50/bone = -1
bind/50/pose = Transform3D(0.0418405, 99.9672, 2.94695, 99.9775, 0.0340491, -2.5743, -2.57418, 2.94704, -99.9342, -67.4982, 92.1271, 169.9)
bind/51/name = &"Bip01 R Thigh"
bind/51/bone = -1
bind/51/pose = Transform3D(0.0433489, 99.9955, -1.73821, 100.011, -0.0427735, 0.033134, 0.0323856, -1.73823, -99.9957, -311.123, -62.8832, 155.451)
bind/52/name = &"Bip01 R Calf"
bind/52/bone = -1
bind/52/pose = Transform3D(0.0484168, 98.2543, -18.6609, 100.011, -0.0429829, 0.0331363, 0.0245333, -18.6609, -98.2544, -145.429, -62.8825, 182.743)
bind/53/name = &"Bip01 R Foot"
bind/53/bone = -1
bind/53/pose = Transform3D(0.0418081, 99.9672, 2.94695, 99.9757, -0.119639, 2.6403, 2.64267, 2.94481, -99.9325, -67.4984, -67.3536, 170.547)
bind/54/name = &"B_Deco_R_01"
bind/54/bone = -1
bind/54/pose = Transform3D(-31.4775, 94.0023, -13.2239, 94.3682, 32.4975, 6.3791, 10.2929, -10.4701, -98.9273, -314.487, -228.993, 78.5269)
bind/55/name = &"B_Deco_L_01"
bind/55/bone = -1
bind/55/pose = Transform3D(31.5675, 93.975, -13.203, -94.3443, 32.579, 6.31661, 10.2363, 10.4612, 98.934, -306.675, -252.376, -75.9831)
bind/56/name = &"B_Tail_00"
bind/56/bone = -1
bind/56/pose = Transform3D(0.0493264, 97.1398, -23.7908, 100.011, -0.0430187, 0.0316826, 0.0205384, -23.7907, -97.1399, -268.126, 12.3945, 295.174)
bind/57/name = &"B_Tail_01"
bind/57/bone = -1
bind/57/pose = Transform3D(0.0461252, 99.425, -10.8072, 100.011, -0.0427961, 0.0330711, 0.0282524, -10.8073, -99.4252, -240.285, 12.3907, 265.878)
bind/58/name = &"B_Tail_02"
bind/58/bone = -1
bind/58/pose = Transform3D(0.041849, 99.9591, 3.20911, 100.011, -0.0429202, 0.0328799, 0.0342405, 3.20909, -99.9593, -208.904, 12.3914, 239.001)
bind/59/name = &"B_Deco_L_02"
bind/59/bone = -1
bind/59/pose = Transform3D(33.7807, 90.9133, -24.4083, -75.4324, 41.657, 50.762, 56.3111, 1.26385, 82.6414, -260.465, -303.373, -88.845)
bind/60/name = &"B_Deco_R_02"
bind/60/bone = -1
bind/60/pose = Transform3D(-33.6841, 90.9431, -24.4307, 75.4355, 41.5903, 50.8121, 56.3648, -1.31371, -82.604, -268.826, -284.675, 102.81)
bind/61/name = &"B_Position_03"
bind/61/bone = -1
bind/61/pose = Transform3D(0.0424727, 100.011, 0.0405709, 100.011, -0.0424929, 0.0498234, 0.0498407, 0.0405454, -100.011, 8.43471, 162.392, -7.6608)
bind/62/name = &"B_Position_02"
bind/62/bone = -1
bind/62/pose = Transform3D(0.0427266, 100.011, 0.0063687, -100.011, 0.0427287, -0.0330386, -0.0330413, -0.00635022, 100.011, 8.43297, 137.609, 7.69063)
bind/63/name = &"B_Position_01"
bind/63/bone = -1
bind/63/pose = Transform3D(0.0428215, 100.011, 0.00781841, 0.0334622, 0.00779986, -100.011, -100.011, 0.0428242, -0.0334588, 8.44004, -477.691, -12.3927)

[sub_resource type="AnimationLibrary" id="AnimationLibrary_8aur6"]
_data = {
&"elephant_abn_death_00": ExtResource("2_bpaaa"),
&"elephant_abn_death_01": ExtResource("3_2vecd"),
&"elephant_abn_taming_shake_00": ExtResource("4_u1qyn"),
&"elephant_abn_taming_shake_01": ExtResource("5_f3tts"),
&"elephant_att_frontkkick_00": ExtResource("6_ts6cp"),
&"elephant_att_l_00": ExtResource("7_fmvpx"),
&"elephant_att_r_00": ExtResource("8_3idvf"),
&"elephant_move_run_dash_00": ExtResource("9_r2qy6"),
&"elephant_move_run_f_00": ExtResource("10_g0wrl"),
&"elephant_move_run_f_stop_00": ExtResource("11_ic4mf"),
&"elephant_move_run_l_00": ExtResource("12_7qhxl"),
&"elephant_move_run_r_00": ExtResource("13_lfl0t"),
&"elephant_move_turn_l_00": ExtResource("14_kllx0"),
&"elephant_move_turn_r_00": ExtResource("15_yutoj"),
&"elephant_move_walk_b_00": ExtResource("16_w6dg1"),
&"elephant_move_walk_b_start_00": ExtResource("17_jbf3i"),
&"elephant_move_walk_b_stop_00": ExtResource("18_phnh7"),
&"elephant_move_walk_f_00": ExtResource("19_aet7t"),
&"elephant_move_walk_f_start_00": ExtResource("20_iatej"),
&"elephant_move_walk_f_stop_00": ExtResource("21_fxtth"),
&"elephant_move_walk_l_00": ExtResource("22_v1wej"),
&"elephant_move_walk_l_start_00": ExtResource("23_u65m5"),
&"elephant_move_walk_l_stop_00": ExtResource("24_ljpr4"),
&"elephant_move_walk_r_00": ExtResource("25_n7plu"),
&"elephant_move_walk_r_start_00": ExtResource("26_n50vn"),
&"elephant_move_walk_r_stop_00": ExtResource("27_etm8q"),
&"elephant_riding_off_r": ExtResource("28_kmbb0"),
&"elephant_riding_on_l": ExtResource("29_ulpol"),
&"elephant_riding_on_r": ExtResource("30_5yyqa"),
&"elephant_stand_idle_00": ExtResource("31_v6t3x"),
&"elephant_stand_idle_exciting_00": ExtResource("32_nug2x"),
&"elephant_stand_idle_sick_00": ExtResource("33_qq1v8"),
&"elephant_stand_idle_sitdown_end_00": ExtResource("34_ncuq1"),
&"elephant_stand_idle_sitdown_ing_00": ExtResource("35_i5dt7"),
&"elephant_stand_idle_sitdown_start_00": ExtResource("36_m2363")
}

[sub_resource type="CapsuleShape3D" id="CapsuleShape3D_5bmtq"]
radius = 1.0
height = 3.0

[node name="Elephant" type="CharacterBody3D"]

[node name="Skeleton3D" type="Skeleton3D" parent="."]
bones/0/name = "Armature"
bones/0/parent = -1
bones/0/rest = Transform3D(4.3179e-06, -0.00999893, -3.2428e-06, 0.00999795, 4.2719e-06, 0.000140504, -0.000140503, -3.30316e-06, 0.00999793, -0.123047, 3.1375, 1.5)
bones/0/enabled = true
bones/0/position = Vector3(-0.142051, 3.135, 1.5178)
bones/0/rotation = Quaternion(-0.0216727, -0.019582, 0.706294, 0.707316)
bones/0/scale = Vector3(0.00999894, 0.00999894, 0.00999892)
bones/1/name = "Bip01 Footsteps"
bones/1/parent = 0
bones/1/rest = Transform3D(-1.66891e-06, 0.9999, -0.0141152, -1, -1.65347e-06, 1.10752e-06, 1.08412e-06, 0.0141152, 0.9999, -315.44, 0.000300057, -4.45302)
bones/1/enabled = true
bones/1/position = Vector3(-315.439, 0.000259869, -4.45273)
bones/1/rotation = Quaternion(0.0216568, 0.0195977, -0.706287, 0.707323)
bones/1/scale = Vector3(0.999956, 0.999955, 0.999957)
bones/2/name = "Bip01 Pelvis"
bones/2/parent = 0
bones/2/rest = Transform3D(-1.19302e-06, 1.43668e-05, -1, 8.04837e-07, 1, 1.43668e-05, 1, -8.04808e-07, -1.19023e-06, 2.48943e-06, -1.49012e-06, 1.13356e-05)
bones/2/enabled = true
bones/2/position = Vector3(2.48943e-06, -1.49012e-06, 1.13356e-05)
bones/2/rotation = Quaternion(-0.00600162, -0.707162, 0.00608414, 0.707)
bones/2/scale = Vector3(0.999277, 0.999288, 0.999276)
bones/3/name = "Bip01 Spine"
bones/3/parent = 2
bones/3/rest = Transform3D(0.992865, 6.36064e-07, -0.119244, -2.18253e-06, 1, -1.28385e-05, 0.119244, 1.30072e-05, 0.992865, -32.9067, 0.000107625, 0.383591)
bones/3/enabled = true
bones/3/position = Vector3(-32.9067, 0.000154186, 0.383591)
bones/3/rotation = Quaternion(-0.00163679, -0.0532752, -0.0195684, 0.998387)
bones/3/scale = Vector3(1, 1, 1)
bones/4/name = "Bip01 Spine1"
bones/4/parent = 3
bones/4/rest = Transform3D(0.992969, -8.75909e-07, -0.118372, 7.23521e-07, 1, -1.33045e-06, 0.118372, 1.23537e-06, 0.992969, -99.5709, -4.57735e-05, -0.0847175)
bones/4/enabled = true
bones/4/position = Vector3(-99.5709, -4.57735e-05, -0.0847175)
bones/4/rotation = Quaternion(-0.00146787, -0.0482701, -0.00612606, 0.998814)
bones/4/scale = Vector3(1, 1, 1)
bones/5/name = "Bip01 Spine2"
bones/5/parent = 4
bones/5/rest = Transform3D(0.998249, 1.64189e-06, -0.059152, -1.882e-06, 1, -4.00397e-06, 0.059152, 4.10833e-06, 0.998249, -107.281, 5.89365e-05, -0.0806898)
bones/5/enabled = true
bones/5/position = Vector3(-107.281, 5.89365e-05, -0.0806898)
bones/5/rotation = Quaternion(-0.0124228, -0.0204937, 0.0132269, 0.999625)
bones/5/scale = Vector3(1, 1, 1)
bones/6/name = "Bip01 Neck"
bones/6/parent = 5
bones/6/rest = Transform3D(0.975039, 1.12801e-06, 0.222031, -4.28554e-07, 1, -3.19873e-06, -0.222031, 3.02381e-06, 0.975039, -90.8408, -0.000129323, 8.38838)
bones/6/enabled = true
bones/6/position = Vector3(-90.8408, -0.000129323, 8.38838)
bones/6/rotation = Quaternion(0.0682362, 0.102151, 0.0503468, 0.991148)
bones/6/scale = Vector3(1, 1, 1)
bones/7/name = "Bip01 Head"
bones/7/parent = 6
bones/7/rest = Transform3D(0.95389, 2.19647e-07, 0.300157, -2.06649e-06, 1, 5.83546e-06, -0.300157, -6.18658e-06, 0.95389, -65.7818, -0.000122639, -18.0526)
bones/7/enabled = true
bones/7/position = Vector3(-65.7818, -0.000122639, -18.0526)
bones/7/rotation = Quaternion(-0.0350982, 0.105918, -0.083811, 0.990215)
bones/7/scale = Vector3(1, 1, 1)
bones/8/name = "B_Jaw00"
bones/8/parent = 7
bones/8/rest = Transform3D(0.83844, 0.000136926, -0.544995, 4.88231e-05, -1, -0.000176131, -0.544995, 0.000121067, -0.83844, -40.3571, 0.00332638, 144.554)
bones/8/enabled = true
bones/8/position = Vector3(-40.3571, 0.00332638, 144.554)
bones/8/rotation = Quaternion(0.973932, 4.48147e-05, -0.226839, 6.65284e-05)
bones/8/scale = Vector3(0.940896, 0.999999, 1.06482)
bones/9/name = "B_Ear_L_00"
bones/9/parent = 7
bones/9/rest = Transform3D(-0.481894, -0.66995, 0.564752, -0.546662, 0.733577, 0.403765, -0.684791, -0.114157, -0.719742, -26.4593, 58.8271, 13.5935)
bones/9/enabled = true
bones/9/position = Vector3(-26.4593, 58.8271, 13.5935)
bones/9/rotation = Quaternion(-0.353425, 0.850827, 0.0902449, 0.378207)
bones/9/scale = Vector3(1, 0.999999, 0.999999)
bones/10/name = "B_Ear_L_01"
bones/10/parent = 9
bones/10/rest = Transform3D(0.902727, 0.338912, -0.264994, -0.324904, 0.940818, 0.0964363, 0.281995, -0.000958115, 0.959415, -46.709, 3.37901e-05, 0.000302753)
bones/10/enabled = true
bones/10/position = Vector3(-46.709, 3.38058e-05, 0.000302716)
bones/10/rotation = Quaternion(-0.0249969, -0.145467, -0.176025, 0.973257)
bones/10/scale = Vector3(1, 1, 1)
bones/11/name = "B_Ear_R_00"
bones/11/parent = 7
bones/11/rest = Transform3D(-0.481893, 0.66995, 0.564753, 0.546659, 0.733578, -0.403767, -0.684794, 0.114155, -0.71974, -26.4593, -58.8278, 13.5939)
bones/11/enabled = true
bones/11/position = Vector3(-26.4593, -58.8278, 13.5939)
bones/11/rotation = Quaternion(0.366331, 0.848768, -0.0821181, 0.37236)
bones/11/scale = Vector3(1, 1, 1)
bones/12/name = "B_Ear_R_01"
bones/12/parent = 11
bones/12/rest = Transform3D(0.902728, -0.33891, -0.264995, 0.324901, 0.940818, -0.0964364, 0.281996, 0.000958741, 0.959415, -46.7089, 0.000195788, 0.000250893)
bones/12/enabled = true
bones/12/position = Vector3(-46.7089, 0.000195756, 0.000250869)
bones/12/rotation = Quaternion(0.0239125, -0.135669, 0.172034, 0.975411)
bones/12/scale = Vector3(1, 1, 1)
bones/13/name = "B_Nose_00"
bones/13/parent = 7
bones/13/rest = Transform3D(0.394899, 4.73627e-06, -0.918724, -2.90459e-06, -1, -6.40374e-06, -0.918724, 5.1973e-06, -0.394899, -114.156, -0.000198423, 71.8793)
bones/13/enabled = true
bones/13/position = Vector3(-114.156, -0.000198431, 71.8793)
bones/13/rotation = Quaternion(0.849157, 0.00565075, -0.528097, -0.0037166)
bones/13/scale = Vector3(1, 1, 1)
bones/14/name = "B_Nose_01"
bones/14/parent = 13
bones/14/rest = Transform3D(0.997731, -7.52028e-07, 0.0673354, 9.69107e-07, 1, -3.1908e-06, -0.0673355, 3.24895e-06, 0.99773, -69.7187, 8.86619e-07, -0.000107595)
bones/14/enabled = true
bones/14/position = Vector3(-69.7187, 8.93303e-07, -0.000107623)
bones/14/rotation = Quaternion(-5.47234e-05, 0.0522462, -0.00166966, 0.998633)
bones/14/scale = Vector3(1, 1, 1)
bones/15/name = "B_Nose_02"
bones/15/parent = 14
bones/15/rest = Transform3D(0.920742, 3.45744e-06, 0.390171, -9.93052e-07, 1, -6.51795e-06, -0.390171, 5.61375e-06, 0.920742, -71.0092, 6.88724e-05, -8.75171e-05)
bones/15/enabled = true
bones/15/position = Vector3(-71.0092, 6.88797e-05, -8.74949e-05)
bones/15/rotation = Quaternion(0.00481151, 0.225009, 0.0236742, 0.974057)
bones/15/scale = Vector3(1, 1, 1)
bones/16/name = "B_Nose_03"
bones/16/parent = 15
bones/16/rest = Transform3D(0.952748, -1.15247e-06, 0.303762, 5.65211e-06, 1, -1.39337e-05, -0.303762, 1.49923e-05, 0.952748, -72.8188, -9.13729e-05, 0.000101756)
bones/16/enabled = true
bones/16/position = Vector3(-72.8188, -9.13701e-05, 0.000101745)
bones/16/rotation = Quaternion(0.00403983, 0.182952, 0.0259274, 0.982772)
bones/16/scale = Vector3(1, 1, 1)
bones/17/name = "Bip01 L Clavicle"
bones/17/parent = 6
bones/17/rest = Transform3D(0.414829, -0.908951, 0.0415417, -0.182467, -0.0383731, 0.982463, -0.891416, -0.415134, -0.181771, 49.3835, 68.4523, -34.9876)
bones/17/enabled = true
bones/17/position = Vector3(49.3844, 68.4513, -34.9881)
bones/17/rotation = Quaternion(-0.639175, 0.498252, 0.281961, 0.513516)
bones/17/scale = Vector3(0.999942, 0.999886, 0.999859)
bones/18/name = "Bip01 L UpperArm"
bones/18/parent = 17
bones/18/rest = Transform3D(0.300696, -0.229351, 0.925732, 0.950512, -0.00747859, -0.310598, 0.0781592, 0.973315, 0.215752, -98.5752, 0.000753403, 0.000212077)
bones/18/enabled = true
bones/18/position = Vector3(-98.5752, 0.000753403, 0.000212077)
bones/18/rotation = Quaternion(0.524258, 0.226707, 0.518657, 0.636202)
bones/18/scale = Vector3(1, 1, 1)
bones/19/name = "Bip01 L Forearm"
bones/19/parent = 18
bones/19/rest = Transform3D(0.447076, -1.54972e-06, -0.894496, 1.40443e-06, 1, -1.03563e-06, 0.894496, -7.56234e-07, 0.447076, -80.419, -0.000133038, 1.64946e-05)
bones/19/enabled = true
bones/19/position = Vector3(-80.419, -0.000133038, 1.64946e-05)
bones/19/rotation = Quaternion(-2.83215e-07, -0.577093, 1.54226e-07, 0.816679)
bones/19/scale = Vector3(1, 1, 1)
bones/20/name = "Bip01 L Hand"
bones/20/parent = 19
bones/20/rest = Transform3D(0.922288, -0.0118539, -0.386323, 0.00367913, -0.999215, 0.0394432, -0.386487, -0.0377993, -0.92152, -102.858, 4.37871e-05, -0.000183616)
bones/20/enabled = true
bones/20/position = Vector3(-102.858, 4.37871e-05, -0.000183616)
bones/20/rotation = Quaternion(0.955615, -0.0965584, -0.277556, -0.0209736)
bones/20/scale = Vector3(1, 1, 1)
bones/21/name = "Bip01 L Finger1"
bones/21/parent = 20
bones/21/rest = Transform3D(0.998561, -0.010113, 0.052661, 0.0102562, 0.999944, -0.00245055, -0.0526332, 0.00298714, 0.998609, -83.5538, -1.79954, 15.1021)
bones/21/enabled = true
bones/21/position = Vector3(-83.5538, -1.79954, 15.1021)
bones/21/rotation = Quaternion(0.00134963, 0.0283359, 0.00509559, 0.999585)
bones/21/scale = Vector3(1, 1, 1)
bones/22/name = "Bip01 R Clavicle"
bones/22/parent = 6
bones/22/rest = Transform3D(0.414828, 0.908951, 0.0415424, 0.182452, -0.0383655, -0.982466, -0.89142, 0.415134, -0.181755, 49.3837, -68.4527, -34.9863)
bones/22/enabled = true
bones/22/position = Vector3(49.3837, -68.4531, -34.9854)
bones/22/rotation = Quaternion(0.624849, 0.37274, -0.395119, 0.560811)
bones/22/scale = Vector3(1.00011, 1.00023, 1.00024)
bones/23/name = "Bip01 R UpperArm"
bones/23/parent = 22
bones/23/rest = Transform3D(0.300695, 0.229354, 0.925732, -0.950512, -0.00748017, 0.310598, 0.0781616, -0.973314, 0.215755, -98.5754, -0.000888748, 0.000126839)
bones/23/enabled = true
bones/23/position = Vector3(-98.5754, -0.000888748, 0.000126839)
bones/23/rotation = Quaternion(-0.49553, 0.336853, -0.548184, 0.583502)
bones/23/scale = Vector3(1.00003, 1.00003, 1.00002)
bones/24/name = "Bip01 R Forearm"
bones/24/parent = 23
bones/24/rest = Transform3D(0.447075, -1.19209e-06, -0.894497, 6.03497e-07, 1, -1.02073e-06, 0.894497, -1.11759e-07, 0.447075, -80.4189, 4.06535e-05, -0.00015113)
bones/24/enabled = true
bones/24/position = Vector3(-80.4189, 4.06535e-05, -0.00015113)
bones/24/rotation = Quaternion(-7.08545e-08, -0.617629, 3.48066e-08, 0.78647)
bones/24/scale = Vector3(1, 1, 1)
bones/25/name = "Bip01 R Hand"
bones/25/parent = 24
bones/25/rest = Transform3D(0.922288, 0.0118548, -0.386323, -0.0036784, -0.999215, -0.0394438, -0.386487, 0.0377995, -0.92152, -102.858, 3.10707e-05, -0.000172172)
bones/25/enabled = true
bones/25/position = Vector3(-102.858, 3.10707e-05, -0.000172172)
bones/25/rotation = Quaternion(0.970394, 0.0351843, -0.237104, -0.0296667)
bones/25/scale = Vector3(1, 1, 1)
bones/26/name = "Bip01 R Finger1"
bones/26/parent = 25
bones/26/rest = Transform3D(0.998562, 0.0101138, 0.052661, -0.010257, 0.999944, 0.00245021, -0.0526333, -0.00298684, 0.99861, -83.5538, 1.79942, 15.1021)
bones/26/enabled = true
bones/26/position = Vector3(-83.5538, 1.79942, 15.1021)
bones/26/rotation = Quaternion(-0.0029828, 0.00144502, -0.0342865, 0.999407)
bones/26/scale = Vector3(1, 1, 1)
bones/27/name = "B_Ryder_Point_00"
bones/27/parent = 6
bones/27/rest = Transform3D(6.85456e-06, -0.0593189, 0.998239, -1, 5.00792e-06, 7.1642e-06, -5.42401e-06, -0.998239, -0.059319, 2.58566, -0.00055032, -135.975)
bones/27/enabled = true
bones/27/position = Vector3(2.58566, -0.000550326, -135.975)
bones/27/rotation = Quaternion(0.48793, -0.523167, 0.553036, -0.42705)
bones/27/scale = Vector3(0.999943, 0.999944, 0.999953)
bones/28/name = "B_Pedal_R"
bones/28/parent = 6
bones/28/rest = Transform3D(0.179594, -0.982563, -0.0481223, 0.258816, -8.34436e-07, 0.965927, -0.949084, -0.185929, 0.254303, -25.1642, -74.4364, -96.9327)
bones/28/enabled = true
bones/28/position = Vector3(-25.1642, -74.4364, -96.9327)
bones/28/rotation = Quaternion(-0.484854, 0.428959, 0.443706, 0.619706)
bones/28/scale = Vector3(1.00004, 1.00006, 1.00005)
bones/29/name = "B_IK_R_Foot"
bones/29/parent = 28
bones/29/rest = Transform3D(0.0251679, 0.0568554, 0.998065, -0.999088, 0.0358896, 0.0231492, -0.034504, -0.997737, 0.0577068, -30.3595, 6.29601, 5.16715)
bones/29/enabled = true
bones/29/position = Vector3(-30.3595, 6.29601, 5.16715)
bones/29/rotation = Quaternion(-0.482679, 0.48809, -0.49932, 0.528649)
bones/29/scale = Vector3(1.00008, 1.00008, 1.00008)
bones/30/name = "B_Pedal_L"
bones/30/parent = 6
bones/30/rest = Transform3D(0.179594, -0.982563, 0.0481206, -0.258821, -1.79198e-06, 0.965926, -0.949083, -0.185929, -0.254308, -25.1644, 74.4354, -96.9332)
bones/30/enabled = true
bones/30/position = Vector3(-25.1644, 74.4354, -96.9332)
bones/30/rotation = Quaternion(0.583193, -0.57478, -0.303232, -0.487405)
bones/30/scale = Vector3(0.999362, 0.999257, 0.998914)
bones/31/name = "B_IK_L_Foot"
bones/31/parent = 30
bones/31/rest = Transform3D(-2.98023e-07, -0.0955168, 0.995427, -1, -2.00421e-06, -5.66244e-07, 2.07499e-06, -0.995428, -0.0955169, -30.3594, 6.29599, -5.16718)
bones/31/enabled = true
bones/31/position = Vector3(-30.3594, 6.29599, -5.16718)
bones/31/rotation = Quaternion(0.523309, -0.523433, 0.475509, -0.475454)
bones/31/scale = Vector3(1.00007, 1.00007, 1.00007)
bones/32/name = "B_Ryder_00"
bones/32/parent = 6
bones/32/rest = Transform3D(0.0593186, -1.10525e-06, 0.998239, 5.15067e-06, -1, -1.41325e-06, 0.998239, 5.22544e-06, -0.0593187, 2.58566, -0.000596097, -135.975)
bones/32/enabled = true
bones/32/position = Vector3(2.58566, -0.000596102, -135.975)
bones/32/rotation = Quaternion(0.714863, -0.0249659, 0.693116, 0.0890953)
bones/32/scale = Vector3(1, 1, 1)
bones/33/name = "B_Handle"
bones/33/parent = 6
bones/33/rest = Transform3D(-0.31493, 0.949115, -1.66299e-06, 2.44376e-06, 2.56303e-06, 1, 0.949115, 0.31493, -3.12657e-06, -65.5852, -0.000665092, -127.914)
bones/33/enabled = true
bones/33/position = Vector3(-65.5852, -0.000665092, -127.914)
bones/33/rotation = Quaternion(0.469097, 0.571295, 0.582127, -0.338671)
bones/33/scale = Vector3(0.999952, 0.999964, 0.999963)
bones/34/name = "B_IK_L_Hand"
bones/34/parent = 33
bones/34/rest = Transform3D(-0.965925, -0.148454, -0.212014, -0.258821, 0.554033, 0.791239, 3.7242e-08, 0.819151, -0.573578, -32.9583, 6.33008, 20.8238)
bones/34/enabled = true
bones/34/position = Vector3(-32.9583, 6.33008, 20.8238)
bones/34/rotation = Quaternion(-0.115792, 0.879429, 0.457782, -0.0602774)
bones/34/scale = Vector3(1, 1, 1)
bones/35/name = "B_IK_R_Hand"
bones/35/parent = 33
bones/35/rest = Transform3D(-0.965926, 0.189045, -0.176775, -0.258819, -0.705529, 0.659729, -1.31876e-06, 0.683002, 0.730417, -32.9583, 6.33006, -20.8238)
bones/35/enabled = true
bones/35/position = Vector3(-32.9583, 6.33006, -20.8238)
bones/35/rotation = Quaternion(-0.0479153, 0.363959, 0.922232, -0.12135)
bones/35/scale = Vector3(1, 1, 1)
bones/36/name = "B_PlayerCamera_00"
bones/36/parent = 6
bones/36/rest = Transform3D(-1.90735e-06, -0.0643347, 0.997929, -1, -2.25645e-06, -2.05677e-06, 2.38421e-06, -0.997929, -0.0643347, 0.00626834, -0.000717798, -179.382)
bones/36/enabled = true
bones/36/position = Vector3(0.00626834, -0.000717798, -179.382)
bones/36/rotation = Quaternion(0.515833, -0.515833, 0.48365, -0.483648)
bones/36/scale = Vector3(1, 1, 1)
bones/37/name = "B_Deco_L_00"
bones/37/parent = 5
bones/37/rest = Transform3D(-0.0575134, -0.053529, 0.996908, -0.451691, 0.891907, 0.0218321, -0.890318, -0.449039, -0.0754752, -11.8701, 115.402, -55.5984)
bones/37/enabled = true
bones/37/position = Vector3(-11.8701, 115.402, -55.5984)
bones/37/rotation = Quaternion(-0.170493, 0.710343, -0.142035, 0.66796)
bones/37/scale = Vector3(1, 1, 1)
bones/38/name = "B_Deco_R_00"
bones/38/parent = 5
bones/38/rest = Transform3D(-0.0575157, -0.0535249, -0.996908, 0.451687, -0.891909, 0.0218277, -0.89032, -0.449035, 0.0754752, -11.8695, -115.402, -55.5977)
bones/38/enabled = true
bones/38/position = Vector3(-11.8695, -115.402, -55.5977)
bones/38/rotation = Quaternion(-0.656888, -0.156653, 0.714702, 0.182095)
bones/38/scale = Vector3(1, 1, 1)
bones/39/name = "B_Prop_00"
bones/39/parent = 4
bones/39/rest = Transform3D(-0.999009, -9.95933e-08, 0.0444986, 9.95933e-08, -1, -2.18643e-09, 0.0444985, 2.15368e-09, 0.999009, -168.071, -0.00049094, -119.577)
bones/39/enabled = true
bones/39/position = Vector3(-168.071, -0.00170008, -119.577)
bones/39/rotation = Quaternion(0.0161767, 0.00359204, 0.99974, -0.0156593)
bones/39/scale = Vector3(1, 1, 1)
bones/40/name = "B_IK_Point_02_R_Foot"
bones/40/parent = 39
bones/40/rest = Transform3D(-2.38448e-07, 0.983924, 0.178589, 1, -3.37546e-07, 3.19484e-06, 3.20378e-06, 0.178589, -0.983924, -137.538, -56.0438, 12.4449)
bones/40/enabled = true
bones/40/position = Vector3(-137.538, -56.0438, 12.4449)
bones/40/rotation = Quaternion(0.704259, 0.704259, 0.0633971, 0.0633949)
bones/40/scale = Vector3(1, 1, 1)
bones/41/name = "B_Ryder_Point_02"
bones/41/parent = 39
bones/41/rest = Transform3D(0.983926, 0.178579, -0.000657192, 6.87691e-06, 0.0036422, 0.999994, 0.17858, -0.983919, 0.00358243, -158.539, -60.0001, 8.25596)
bones/41/enabled = true
bones/41/position = Vector3(-158.539, -60.0001, 8.25596)
bones/41/rotation = Quaternion(-0.702976, -0.0635107, -0.0632749, 0.705541)
bones/41/scale = Vector3(1, 1, 1)
bones/42/name = "B_IK_Point_02_L_Foot"
bones/42/parent = 39
bones/42/rest = Transform3D(-1.19267e-07, 0.983924, 0.178589, 1, -4.69445e-07, 3.25417e-06, 3.28571e-06, 0.178589, -0.983924, -180.693, -53.8719, 4.23491)
bones/42/enabled = true
bones/42/position = Vector3(-180.693, -53.8719, 4.23491)
bones/42/rotation = Quaternion(0.704259, 0.704259, 0.0633972, 0.0633949)
bones/42/scale = Vector3(1, 1, 1)
bones/43/name = "B_IK_Point_01_L_Foot"
bones/43/parent = 39
bones/43/rest = Transform3D(1.07291e-06, -0.983924, 0.178588, -1, -5.87286e-07, 2.77202e-06, -2.62263e-06, -0.178588, -0.983924, -137.538, 56.0436, 12.4451)
bones/43/enabled = true
bones/43/position = Vector3(-137.538, 56.0436, 12.4451)
bones/43/rotation = Quaternion(0.704259, -0.704259, 0.0633947, -0.0633965)
bones/43/scale = Vector3(1, 1, 1)
bones/44/name = "B_Ryder_Point_01"
bones/44/parent = 39
bones/44/rest = Transform3D(-0.983923, 0.178595, 0.000392802, -6.87691e-06, 0.0021615, -0.999998, -0.178596, -0.983921, -0.00212552, -158.539, 59.9999, 8.25622)
bones/44/enabled = true
bones/44/position = Vector3(-158.539, 59.9999, 8.25622)
bones/44/rotation = Quaternion(0.0633275, 0.705019, -0.703498, 0.0634694)
bones/44/scale = Vector3(1, 1, 1)
bones/45/name = "B_IK_Point_01_R_Foot"
bones/45/parent = 39
bones/45/rest = Transform3D(1.07291e-06, -0.983924, 0.178588, -1, -5.87286e-07, 2.77205e-06, -2.62263e-06, -0.178588, -0.983924, -180.693, 53.8719, 4.23516)
bones/45/enabled = true
bones/45/position = Vector3(-180.693, 53.8719, 4.23516)
bones/45/rotation = Quaternion(0.704259, -0.704259, 0.0633947, -0.0633965)
bones/45/scale = Vector3(1, 1, 1)
bones/46/name = "B_Ryder_Point_04"
bones/46/parent = 39
bones/46/rest = Transform3D(-2.91038e-11, 0.983924, 0.178589, 1, -5.78817e-07, 3.1889e-06, 3.24103e-06, 0.178589, -0.983924, -49.9504, 7.95927e-07, -13.2692)
bones/46/enabled = true
bones/46/position = Vector3(-49.9504, 7.95927e-07, -13.2692)
bones/46/rotation = Quaternion(0.704259, 0.704259, 0.0633971, 0.0633949)
bones/46/scale = Vector3(1, 1, 1)
bones/47/name = "B_PlayerCamera_02"
bones/47/parent = 39
bones/47/rest = Transform3D(0.983924, 0.178588, 7.67672e-07, -1.16971e-06, 2.14576e-06, 1, 0.178588, -0.983924, 2.32018e-06, -143.276, -59.9999, -75.8352)
bones/47/enabled = true
bones/47/position = Vector3(-143.276, -59.9999, -75.8352)
bones/47/rotation = Quaternion(-0.704258, -0.0633954, -0.0633961, 0.70426)
bones/47/scale = Vector3(1, 1, 1)
bones/48/name = "B_PlayerCamera_01"
bones/48/parent = 39
bones/48/rest = Transform3D(-0.983924, 0.178588, 5.49218e-07, -2.01137e-07, 1.96691e-06, -1, -0.178588, -0.983925, -1.89942e-06, -143.276, 60, -75.8349)
bones/48/enabled = true
bones/48/position = Vector3(-143.276, 60, -75.8349)
bones/48/rotation = Quaternion(0.0633957, 0.70426, -0.704259, 0.0633959)
bones/48/scale = Vector3(1, 1, 1)
bones/49/name = "Bip01 L Thigh"
bones/49/parent = 3
