[gd_scene load_steps=4 format=3 uid="uid://cvaga16drkc0l"]

[ext_resource type="ArrayMesh" uid="uid://bp1f78qt6ego" path="res://resources/meshes/Blacksmith_body.res" id="1_wyxsf"]

[sub_resource type="CapsuleShape3D" id="CapsuleShape3D_fbejg"]

[sub_resource type="Skin" id="Skin_bo2op"]
resource_name = "Skin"
bind_count = 41
bind/0/name = &"Hips"
bind/0/bone = -1
bind/0/pose = Transform3D(1, 0, 0, 0, 1, 2.50161e-08, 0, 2.50161e-08, 1, 0, -1.0739, -0.0937779)
bind/1/name = &"Spine"
bind/1/bone = -1
bind/1/pose = Transform3D(1, 0, 0, 0, 1, 1.49012e-08, 0, 2.98023e-08, 1, 0, -1.20676, -0.0701606)
bind/2/name = &"Chest"
bind/2/bone = -1
bind/2/pose = Transform3D(1, 0, 0, 0, 1, 2.98023e-08, 0, 1.49012e-08, 1, 0, -1.36177, -0.0426071)
bind/3/name = &"UpperChest"
bind/3/bone = -1
bind/3/pose = Transform3D(1, 0, 0, 0, 1, 4.47035e-08, 0, 1.49012e-08, 1, 0, -1.53893, -0.0111173)
bind/4/name = &"Neck"
bind/4/bone = -1
bind/4/pose = Transform3D(1, 0, 0, 0, 1, 2.98023e-08, 0, 1.49012e-08, 1, 0, -1.73822, 0.0243087)
bind/5/name = &"Head"
bind/5/bone = -1
bind/5/pose = Transform3D(1, 0, 0, 0, 1, 2.98023e-08, 0, 1.49012e-08, 1, 0, -1.76024, 0.0238402)
bind/6/name = &"HeadTop_End"
bind/6/bone = -1
bind/6/pose = Transform3D(1, 0, 0, 0, 1, -2.69615e-08, 0, 4.18627e-08, 1, 0, -2.02707, 0.0181628)
bind/7/name = &"LeftShoulder"
bind/7/bone = -1
bind/7/pose = Transform3D(8.9407e-08, 7.45058e-08, 1, 1, -5.96046e-08, 8.9407e-08, 2.98023e-08, 1, -1.04308e-07, 0.0243125, -0.10239, -1.69589)
bind/8/name = &"LeftUpperArm"
bind/8/bone = -1
bind/8/pose = Transform3D(-9.87202e-08, -8.9407e-08, -1, 1, -1.04308e-07, 9.77889e-08, 7.45058e-09, -1, 1.04308e-07, -0.0243204, -0.307881, 1.61148)
bind/9/name = &"LeftLowerArm"
bind/9/bone = -1
bind/9/pose = Transform3D(1.11759e-08, -1, 1.49012e-07, 1, -1.01514e-07, 8.801e-08, 1.03377e-07, 4.47035e-08, 1, 1.58246, -0.682828, 0.0280056)
bind/10/name = &"LeftHand"
bind/10/bone = -1
bind/10/pose = Transform3D(-1.00583e-07, -1.49012e-07, -1, 1, -1.04308e-07, 8.56817e-08, -3.72529e-09, -1, 1.49012e-07, -0.00493121, -0.97245, 1.5904)
bind/11/name = &"LeftThumbMetacarpal"
bind/11/bone = -1
bind/11/pose = Transform3D(-2.98023e-08, 1, -1.19209e-07, 0.816993, 8.9407e-08, 0.577702, 0.577702, -1.49012e-07, -0.816993, -1.57001, -0.857785, -0.571732)
bind/12/name = &"LeftThumbProximal"
bind/12/bone = -1
bind/12/pose = Transform3D(-3.72529e-09, 1, -1.19209e-07, 0.816993, 1.49012e-07, 0.577702, 0.577702, -1.49012e-07, -0.816993, -1.55371, -0.910705, -0.576465)
bind/13/name = &"LeftThumbDistal"
bind/13/bone = -1
bind/13/pose = Transform3D(-2.98023e-08, 1, -8.9407e-08, 0.816993, 1.19209e-07, 0.577702, 0.577702, -1.19209e-07, -0.816993, -1.53442, -0.956952, -0.577023)
bind/14/name = &"HandThumb4.L"
bind/14/bone = -1
bind/14/pose = Transform3D(0.58972, 0.525394, -0.613345, 0.802275, -0.293976, 0.519551, 0.0926604, -0.79846, -0.594874, -1.41477, -0.520527, 1.17033)
bind/15/name = &"LeftIndexProximal"
bind/15/bone = -1
bind/15/pose = Transform3D(-1.02445e-07, -2.38419e-07, -1, 1, -8.9407e-08, 8.9407e-08, 9.31323e-09, -1, 5.96046e-08, 0.00106901, -1.09874, 1.59469)
bind/16/name = &"LeftIndexIntermediate"
bind/16/bone = -1
bind/16/pose = Transform3D(-7.45058e-08, -8.9407e-08, -1, 1, -5.96046e-08, 1.04308e-07, 2.98023e-08, -1, 1.19209e-07, 0.005153, -1.15935, 1.58858)
bind/17/name = &"LeftIndexDistal"
bind/17/bone = -1
bind/17/pose = Transform3D(-8.56817e-08, -1.49012e-07, -1, 1, -6.70552e-08, 9.68575e-08, 5.21541e-08, -1, 1.49012e-07, 0.00821573, -1.20354, 1.60268)
bind/18/name = &"HandIndex4.L"
bind/18/bone = -1
bind/18/pose = Transform3D(0.0534016, 0.61164, -0.789332, 0.993712, -0.110455, -0.0183603, -0.0984151, -0.783388, -0.613692, -1.03321, -1.06371, 1.379)
bind/19/name = &"RightShoulder"
bind/19/bone = -1
bind/19/pose = Transform3D(-2.01166e-07, -8.9407e-08, -1, -1, 2.08616e-07, 9.68575e-08, 2.38419e-07, 1, 5.96046e-08, -0.0243045, -0.10239, -1.69589)
bind/20/name = &"RightUpperArm"
bind/20/bone = -1
bind/20/pose = Transform3D(2.05822e-07, 7.45058e-08, 1, -1, 1.56462e-07, 9.40636e-08, -2.08616e-07, -1, -8.9407e-08, 0.0242966, -0.307882, 1.61148)
bind/21/name = &"RightLowerArm"
bind/21/bone = -1
bind/21/pose = Transform3D(2.19792e-07, 1, 8.9407e-08, -1, 1.70432e-07, 1.03377e-07, 1.96742e-07, 8.9407e-08, 1, -1.58246, -0.682829, 0.0277311)
bind/22/name = &"RightHand"
bind/22/bone = -1
bind/22/pose = Transform3D(1.9744e-07, -2.98023e-08, 1, -1, 1.78814e-07, 1.04308e-07, -2.19792e-07, -1, -2.98023e-08, 0.00395101, -0.97245, 1.5904)
bind/23/name = &"RightThumbMetacarpal"
bind/23/bone = -1
bind/23/pose = Transform3D(-1.9744e-07, -1, -8.9407e-08, -0.816993, 8.9407e-08, 0.577702, -0.577702, 8.9407e-08, -0.816993, 1.56842, -0.859783, -0.571157)
bind/24/name = &"RightThumbProximal"
bind/24/bone = -1
bind/24/pose = Transform3D(-2.38419e-07, -1, 0, -0.816993, 7.45058e-08, 0.577702, -0.577702, 1.19209e-07, -0.816993, 1.55084, -0.913848, -0.576071)
bind/25/name = &"RightThumbDistal"
bind/25/bone = -1
bind/25/pose = Transform3D(-2.6077e-07, -1, -2.98023e-08, -0.816993, 1.19209e-07, 0.577702, -0.577702, 2.98023e-08, -0.816993, 1.53316, -0.960245, -0.577009)
bind/26/name = &"HandThumb4.R"
bind/26/bone = -1
bind/26/pose = Transform3D(0.572841, -0.541862, 0.615012, -0.808762, -0.251675, 0.531566, -0.133252, -0.801902, -0.582407, 1.42208, -0.59322, 1.12914)
bind/27/name = &"RightIndexProximal"
bind/27/bone = -1
bind/27/pose = Transform3D(1.78814e-07, -8.9407e-08, 1, -1, 1.93715e-07, 9.68575e-08, -2.08616e-07, -1, -8.9407e-08, -0.00212729, -1.10148, 1.59303)
bind/28/name = &"RightIndexIntermediate"
bind/28/bone = -1
bind/28/pose = Transform3D(1.56462e-07, -5.96046e-08, 1, -1, 2.01166e-07, 9.68575e-08, -2.23517e-07, -1, -8.9407e-08, -0.00604445, -1.1609, 1.59849)
bind/29/name = &"RightIndexDistal"
bind/29/bone = -1
bind/29/pose = Transform3D(1.82539e-07, -1.19209e-07, 1, -1, 2.12342e-07, 1.30385e-07, -2.45869e-07, -1, -1.19209e-07, -0.00895143, -1.20328, 1.60203)
bind/30/name = &"HandIndex4.R"
bind/30/bone = -1
bind/30/pose = Transform3D(0.0367458, -0.625747, 0.77916, -0.997236, -0.073348, -0.0118758, 0.0645811, -0.776571, -0.626712, 1.03565, -1.1262, 1.32741)
bind/31/name = &"LeftUpperLeg"
bind/31/bone = -1
bind/31/pose = Transform3D(-1, -5.8614e-07, -2.04712e-06, -3.03034e-07, -1, 2.38419e-07, 2.11828e-06, -1.04308e-07, 1, 0.13221, 1.00008, -0.0557449)
bind/32/name = &"LeftLowerLeg"
bind/32/bone = -1
bind/32/pose = Transform3D(1, 5.81711e-07, 2.04984e-06, -3.1285e-07, -1, 2.58442e-07, -2.11503e-06, 1.08499e-07, -1, -0.164353, 0.516962, 0.118512)
bind/33/name = &"LeftFoot"
bind/33/bone = -1
bind/33/pose = Transform3D(-1, -5.06639e-07, -1.89245e-06, 2.11596e-06, -1.78814e-07, 1, 3.27826e-07, 1, -2.68221e-07, 0.217952, -0.117086, -0.0659778)
bind/34/name = &"LeftToes"
bind/34/bone = -1
bind/34/pose = Transform3D(1, 5.58794e-07, 1.885e-06, 2.15322e-06, -2.08616e-07, 1, -3.42727e-07, -1, 2.98023e-07, -0.170773, -0.164875, 0.0178914)
bind/35/name = &"Toe_End.L"
bind/35/bone = -1
bind/35/pose = Transform3D(-0.0952006, -0.653158, -0.75121, -0.989552, 0.144166, 5.18668e-05, 0.108264, 0.743371, -0.660057, 0.151799, 0.154203, 0.0770386)
bind/36/name = &"RightUpperLeg"
bind/36/bone = -1
bind/36/pose = Transform3D(-1, -1.4899e-06, 5.85173e-06, -8.12646e-07, -1, 5.73695e-07, -6.00793e-06, -1.56462e-07, 1, -0.132208, 1.00008, -0.057661)
bind/37/name = &"RightLowerLeg"
bind/37/bone = -1
bind/37/pose = Transform3D(1, 1.48325e-06, -5.85429e-06, -8.39937e-07, -1, 6.07222e-07, 6.00424e-06, 1.49012e-07, -1, 0.164352, 0.516962, 0.00201419)
bind/38/name = &"RightFoot"
bind/38/bone = -1
bind/38/pose = Transform3D(-1, -1.43051e-06, 5.87106e-06, -6.12438e-06, -4.17233e-07, 1, 8.79169e-07, 1, -4.47035e-07, -0.217953, 0.0146578, -0.0659747)
bind/39/name = &"RightToes"
bind/39/bone = -1
bind/39/pose = Transform3D(1, 1.46031e-06, -5.79841e-06, -6.14673e-06, -3.35276e-07, 1, -8.9407e-07, -1, 5.40167e-07, 0.170773, -0.106533, 0.0179209)
bind/40/name = &"Toe_End.R"
bind/40/bone = -1
bind/40/pose = Transform3D(-0.893273, -0.409528, 0.185373, 0.190797, 0.0279553, 0.981239, -0.407023, 0.91187, 0.0531672, -0.164955, -0.135712, -0.091514)

[node name="Blacksmith" type="CharacterBody3D"]

[node name="ControllerCollider" type="CollisionShape3D" parent="."]
transform = Transform3D(1, 0, 0, 0, 1, 0, 0, 0, 1, 0, 1, 0)
shape = SubResource("CapsuleShape3D_fbejg")
debug_fill = false

[node name="GeneralSkeleton" type="Skeleton3D" parent="."]
unique_name_in_owner = true
transform = Transform3D(-1, 0, -8.74228e-08, 0, 1, 0, 8.74228e-08, 0, -1, 0, 0, 0)
motion_scale = 1.0739
bones/0/name = "Root"
bones/0/parent = -1
bones/0/rest = Transform3D(1, 0, 0, 0, 1, 0, 0, 0, 1, 0, 0, 0)
bones/0/enabled = true
bones/0/position = Vector3(0, 0, 0)
bones/0/rotation = Quaternion(0, 0, 0, 1)
bones/0/scale = Vector3(1, 1, 1)
bones/1/name = "Hips"
bones/1/parent = 0
bones/1/rest = Transform3D(1, 0, 0, 0, 1, 0, 0, 0, 1, 0, 1.0739, 0.0937779)
bones/1/enabled = true
bones/1/position = Vector3(0, 1.0739, 0.0937779)
bones/1/rotation = Quaternion(0, 0, 0, 1)
bones/1/scale = Vector3(1, 1, 1)
bones/2/name = "Spine"
bones/2/parent = 1
bones/2/rest = Transform3D(1, 0, 0, 0, 1, 0, 0, 0, 1, 0, 0.132865, -0.0236173)
bones/2/enabled = true
bones/2/position = Vector3(0, 0.132865, -0.0236173)
bones/2/rotation = Quaternion(0, 0, 0, 1)
bones/2/scale = Vector3(1, 1, 1)
bones/3/name = "Chest"
bones/3/parent = 2
bones/3/rest = Transform3D(1, 0, 0, 0, 1, 0, 0, 0, 1, 0, 0.155009, -0.0275535)
bones/3/enabled = true
bones/3/position = Vector3(0, 0.155009, -0.0275535)
bones/3/rotation = Quaternion(0, 0, 0, 1)
bones/3/scale = Vector3(1, 1, 1)
bones/4/name = "UpperChest"
bones/4/parent = 3
bones/4/rest = Transform3D(1, 0, 0, 0, 1, 0, 0, 0, 1, 0, 0.177153, -0.0314897)
bones/4/enabled = true
bones/4/position = Vector3(0, 0.177153, -0.0314897)
bones/4/rotation = Quaternion(0, 0, 0, 1)
bones/4/scale = Vector3(1, 1, 1)
bones/5/name = "Neck"
bones/5/parent = 4
bones/5/rest = Transform3D(1, 0, 0, 0, 1, 0, 0, 0, 1, 0, 0.199297, -0.035426)
bones/5/enabled = true
bones/5/position = Vector3(0, 0.199297, -0.035426)
bones/5/rotation = Quaternion(0, 0, 0, 1)
bones/5/scale = Vector3(1, 1, 1)
bones/6/name = "Head"
bones/6/parent = 5
bones/6/rest = Transform3D(1, 0, 0, 0, 1, 0, 0, 0, 1, 0, 0.0220158, 0.000468441)
bones/6/enabled = true
bones/6/position = Vector3(0, 0.0220158, 0.000468441)
bones/6/rotation = Quaternion(0, 0, 0, 1)
bones/6/scale = Vector3(1, 1, 1)
bones/7/name = "HeadTop_End"
bones/7/parent = 6
bones/7/rest = Transform3D(1, 0, 0, 0, 1, 5.67638e-08, 0, -2.69615e-08, 1, 0, 0.266833, 0.00567737)
bones/7/enabled = true
bones/7/position = Vector3(0, 0.266833, 0.00567737)
bones/7/rotation = Quaternion(-1.34808e-08, 0, 0, 1)
bones/7/scale = Vector3(1, 1, 1)
bones/8/name = "LeftShoulder"
bones/8/parent = 4
bones/8/rest = Transform3D(0, 1, 0, 0, 0, 1, 1, 0, 0, 0.10239, 0.156968, -0.03543)
bones/8/enabled = true
bones/8/position = Vector3(0.10239, 0.156968, -0.03543)
bones/8/rotation = Quaternion(0.5, 0.5, 0.5, -0.5)
bones/8/scale = Vector3(1, 1, 1)
bones/9/name = "LeftUpperArm"
bones/9/parent = 8
bones/9/rest = Transform3D(-1, 0, 0, 0, 1, 0, 0, 0, -1, -7.91261e-06, 0.205491, -0.084417)
bones/9/enabled = true
bones/9/position = Vector3(-7.91261e-06, 0.205491, -0.084417)
bones/9/rotation = Quaternion(0, 1, 0, 0)
bones/9/scale = Vector3(1, 1, 1)
bones/10/name = "LeftLowerArm"
bones/10/parent = 9
bones/10/rest = Transform3D(0, 0, -1, 0, 1, 0, 1, 0, 0, 0.0036851, 0.374947, 0.0290203)
bones/10/enabled = true
bones/10/position = Vector3(0.0036851, 0.374947, 0.0290203)
bones/10/rotation = Quaternion(0, -0.707107, 0, 0.707107)
bones/10/scale = Vector3(1, 1, 1)
bones/11/name = "LeftHand"
bones/11/parent = 10
bones/11/rest = Transform3D(0, 0, 1, 0, 1, 0, -1, 0, 0, -0.00793866, 0.289621, 0.0230743)
bones/11/enabled = true
bones/11/position = Vector3(-0.00793866, 0.289621, 0.0230743)
bones/11/rotation = Quaternion(0, 0.707107, 0, 0.707107)
bones/11/scale = Vector3(1, 1, 1)
bones/12/name = "LeftThumbMetacarpal"
bones/12/parent = 11
bones/12/rest = Transform3D(0, -0.577, 0.816, 0, 0.816, 0.577, -1, 0, 0, -0.03334, 0.0573922, 0.0203809)
bones/12/enabled = true
bones/12/position = Vector3(-0.03334, 0.0573922, 0.0203809)
bones/12/rotation = Quaternion(-0.214187, 0.673887, 0.214187, 0.673887)
bones/12/scale = Vector3(1, 0.999392, 0.999392)
bones/13/name = "LeftThumbProximal"
bones/13/parent = 12
bones/13/rest = Transform3D(1, 0, 0, 0, 1, 2.98023e-08, 0, -2.98023e-08, 1, -0.0163045, 0.0529198, 0.00473362)
bones/13/enabled = true
bones/13/position = Vector3(-0.0163045, 0.0529198, 0.00473362)
bones/13/rotation = Quaternion(-1.49012e-08, 0, 0, 1)
bones/13/scale = Vector3(1, 1, 1)
bones/14/name = "LeftThumbDistal"
bones/14/parent = 13
bones/14/rest = Transform3D(1, 0, 0, 0, 1, 0, 0, 0, 1, -0.019292, 0.0462467, 0.000557554)
bones/14/enabled = true
bones/14/position = Vector3(-0.019292, 0.0462467, 0.000557554)
bones/14/rotation = Quaternion(0, 0, 0, 1)
bones/14/scale = Vector3(1, 1, 1)
bones/15/name = "HandThumb4.L"
bones/15/parent = 14
bones/15/rest = Transform3D(0.525394, -0.293976, -0.79846, 0.127466, 0.955598, -0.267957, 0.84178, 0.0390064, 0.539538, -0.00966267, 0.0343981, 0.00276674)
bones/15/enabled = true
bones/15/position = Vector3(-0.00966267, 0.0343981, 0.00276674)
bones/15/rotation = Quaternion(0.088202, -0.471932, 0.121238, 0.868793)
bones/15/scale = Vector3(1.00044, 1.00056, 1.00022)
bones/16/name = "LeftIndexProximal"
bones/16/parent = 11
bones/16/rest = Transform3D(1, 0, 0, 0, 1, 0, 0, 0, 1, -0.0060001, 0.126291, -0.00429906)
bones/16/enabled = true
bones/16/position = Vector3(-0.0060001, 0.126291, -0.00429906)
bones/16/rotation = Quaternion(0, 0, 0, 1)
bones/16/scale = Vector3(1, 1, 1)
bones/17/name = "LeftIndexIntermediate"
bones/17/parent = 16
bones/17/rest = Transform3D(1, 0, 0, 0, 1, 0, 0, 0, 1, -0.00408422, 0.0606084, 0.00611568)
bones/17/enabled = true
bones/17/position = Vector3(-0.00408422, 0.0606084, 0.00611568)
bones/17/rotation = Quaternion(0, 0, 0, 1)
bones/17/scale = Vector3(1, 1, 1)
bones/18/name = "LeftIndexDistal"
bones/18/parent = 17
bones/18/rest = Transform3D(1, 0, 0, 0, 1, 0, 0, 0, 1, -0.00306266, 0.0441928, -0.0140965)
bones/18/enabled = true
bones/18/position = Vector3(-0.00306266, 0.0441928, -0.0140965)
bones/18/rotation = Quaternion(0, 0, 0, 1)
bones/18/scale = Vector3(1, 1, 1)
bones/19/name = "HandIndex4.L"
bones/19/parent = 18
bones/19/rest = Transform3D(0.789332, 0.0183604, 0.613692, 0.0534018, 0.993711, -0.0984152, -0.61164, 0.110454, 0.783388, -0.00299341, 0.044371, 0.00791895)
bones/19/enabled = true
bones/19/position = Vector3(-0.00299341, 0.044371, 0.00791895)
bones/19/rotation = Quaternion(0.0553004, 0.32442, 0.00927759, 0.94425)
bones/19/scale = Vector3(1, 1, 1)
bones/20/name = "RightShoulder"
bones/20/parent = 4
bones/20/rest = Transform3D(0, -1, 0, 0, 0, 1, -1, 0, 0, -0.10239, 0.156968, -0.035422)
bones/20/enabled = true
bones/20/position = Vector3(-0.10239, 0.156968, -0.035422)
bones/20/rotation = Quaternion(0.5, -0.5, -0.5, -0.5)
bones/20/scale = Vector3(1, 1, 1)
bones/21/name = "RightUpperArm"
bones/21/parent = 20
bones/21/rest = Transform3D(-1, 0, 0, 0, 1, 0, 0, 0, -1, -7.88462e-06, 0.205492, -0.0844171)
bones/21/enabled = true
bones/21/position = Vector3(-7.88462e-06, 0.205492, -0.0844171)
bones/21/rotation = Quaternion(0, 1, 0, 0)
bones/21/scale = Vector3(1, 1, 1)
bones/22/name = "RightLowerArm"
bones/22/parent = 21
bones/22/rest = Transform3D(0, 0, 1, 0, 1, 0, -1, 0, 0, -0.00343439, 0.374947, 0.0290205)
bones/22/enabled = true
bones/22/position = Vector3(-0.00343439, 0.374947, 0.0290205)
bones/22/rotation = Quaternion(0, 0.707107, 0, 0.707107)
bones/22/scale = Vector3(1, 1, 1)
bones/23/name = "RightHand"
bones/23/parent = 22
bones/23/rest = Transform3D(0, 0, -1, 0, 1, 0, 1, 0, 0, 0.00793858, 0.289621, 0.0237802)
bones/23/enabled = true
bones/23/position = Vector3(0.00793858, 0.289621, 0.0237802)
bones/23/rotation = Quaternion(0, -0.707107, 0, 0.707107)
bones/23/scale = Vector3(1, 1, 1)
bones/24/name = "RightThumbMetacarpal"
bones/24/parent = 23
bones/24/rest = Transform3D(0, 0.577, -0.816, 0, 0.816, 0.577, 1, 0, 0, 0.0339818, 0.0586908, 0.0219752)
bones/24/enabled = true
bones/24/position = Vector3(0.0339818, 0.0586908, 0.0219752)
bones/24/rotation = Quaternion(-0.214187, -0.673887, -0.214187, 0.673887)
bones/24/scale = Vector3(1, 0.999392, 0.999392)
bones/25/name = "RightThumbProximal"
bones/25/parent = 24
bones/25/rest = Transform3D(1, 0, 0, 0, 1, 2.98023e-08, 0, -2.98023e-08, 1, 0.0175805, 0.0540645, 0.00491446)
bones/25/enabled = true
bones/25/position = Vector3(0.0175805, 0.0540645, 0.00491446)
bones/25/rotation = Quaternion(-1.49012e-08, 0, 0, 1)
bones/25/scale = Vector3(1, 1, 1)
bones/26/name = "RightThumbDistal"
bones/26/parent = 25
bones/26/rest = Transform3D(1, 0, 0, 0, 1, 0, 0, 0, 1, 0.0176812, 0.0463974, 0.000938367)
bones/26/enabled = true
bones/26/position = Vector3(0.0176812, 0.0463974, 0.000938367)
bones/26/rotation = Quaternion(0, 0, 0, 1)
bones/26/scale = Vector3(1, 1, 1)
bones/27/name = "HandThumb4.R"
bones/27/parent = 26
bones/27/rest = Transform3D(0.541861, 0.251675, 0.801901, -0.112713, 0.967841, -0.227592, -0.833392, 0.0329383, 0.552802, 0.00643334, 0.0311662, 0.00348807)
bones/27/enabled = true
bones/27/position = Vector3(0.00643334, 0.0311662, 0.00348807)
bones/27/rotation = Quaternion(0.0743438, 0.467277, -0.104105, 0.874807)
bones/27/scale = Vector3(1.00043, 1.00057, 1.00022)
bones/28/name = "RightIndexProximal"
bones/28/parent = 23
bones/28/rest = Transform3D(1, 0, 0, 0, 1, 0, 0, 0, 1, 0.00607844, 0.129025, -0.00263136)
bones/28/enabled = true
bones/28/position = Vector3(0.00607844, 0.129025, -0.00263136)
bones/28/rotation = Quaternion(0, 0, 0, 1)
bones/28/scale = Vector3(1, 1, 1)
bones/29/name = "RightIndexIntermediate"
bones/29/parent = 28
bones/29/rest = Transform3D(1, 0, 0, 0, 1, 0, 0, 0, 1, 0.00391694, 0.0594287, -0.00546758)
bones/29/enabled = true
bones/29/position = Vector3(0.00391694, 0.0594287, -0.00546758)
bones/29/rotation = Quaternion(0, 0, 0, 1)
bones/29/scale = Vector3(1, 1, 1)
bones/30/name = "RightIndexDistal"
bones/30/parent = 29
bones/30/rest = Transform3D(1, 0, 0, 0, 1, 0, 0, 0, 1, 0.00290699, 0.0423785, -0.00353835)
bones/30/enabled = true
bones/30/position = Vector3(0.00290699, 0.0423785, -0.00353835)
bones/30/rotation = Quaternion(0, 0, 0, 1)
bones/30/scale = Vector3(1, 1, 1)
bones/31/name = "HandIndex4.R"
bones/31/parent = 30
bones/31/rest = Transform3D(0.779161, -0.0118759, -0.626712, -0.0367457, 0.997236, -0.0645814, 0.625746, 0.0733484, 0.77657, 0.00264194, 0.0435818, 0.00575652)
bones/31/enabled = true
bones/31/position = Vector3(0.00264194, 0.0435818, 0.00575652)
bones/31/rotation = Quaternion(0.0365875, -0.332229, -0.00659698, 0.942466)
bones/31/scale = Vector3(1, 1, 1)
bones/32/name = "LeftUpperLeg"
bones/32/parent = 1
bones/32/rest = Transform3D(-1, 0, 0, 0, -1, 0, 0, 0, 1, 0.132209, -0.0738246, -0.0380332)
bones/32/enabled = true
bones/32/position = Vector3(0.132209, -0.0738246, -0.0380332)
bones/32/rotation = Quaternion(0, 0, 1, 0)
bones/32/scale = Vector3(1, 1, 1)
bones/33/name = "LeftLowerLeg"
bones/33/parent = 32
bones/33/rest = Transform3D(-1, 0, 0, 0, 1, 0, 0, 0, -1, -0.032143, 0.483114, 0.0627676)
bones/33/enabled = true
bones/33/position = Vector3(-0.032143, 0.483114, 0.0627676)
bones/33/rotation = Quaternion(0, 1, 0, 0)
bones/33/scale = Vector3(1, 1, 1)
bones/34/name = "LeftFoot"
bones/34/parent = 33
bones/34/rest = Transform3D(-1, 0, 0, 0, 0, -1, 0, -1, 0, 0.0535991, 0.450984, 0.00142597)
bones/34/enabled = true
bones/34/position = Vector3(0.0535991, 0.450984, 0.00142597)
bones/34/rotation = Quaternion(0, 0.707107, -0.707107, 0)
bones/34/scale = Vector3(1, 1, 1)
bones/35/name = "LeftToes"
bones/35/parent = 34
bones/35/rest = Transform3D(-1, 0, 0, 0, 1, 0, 0, 0, -1, 0.0471795, 0.0477888, -0.0480864)
bones/35/enabled = true
bones/35/position = Vector3(0.0471795, 0.0477888, -0.0480864)
bones/35/rotation = Quaternion(0, 1, 0, 0)
bones/35/scale = Vector3(1, 1, 1)
bones/36/name = "Toe_End.L"
bones/36/parent = 35
bones/36/rest = Transform3D(-0.095199, -0.989554, 0.108265, -0.751217, 5.40271e-05, -0.660062, 0.653159, -0.144167, -0.743371, -0.0120701, 6.49108e-07, -0.00175848)
bones/36/enabled = true
bones/36/position = Vector3(-0.0120701, 6.49108e-07, -0.00175848)
bones/36/rotation = Quaternion(-0.641895, 0.677979, -0.296552, -0.200925)
bones/36/scale = Vector3(1, 1, 1)
bones/37/name = "RightUpperLeg"
bones/37/parent = 1
bones/37/rest = Transform3D(-1, 0, 0, 0, -1, 0, 0, 0, 1, -0.132209, -0.0738246, -0.0361175)
bones/37/enabled = true
bones/37/position = Vector3(-0.132209, -0.0738246, -0.0361175)
bones/37/rotation = Quaternion(0, 0, 1, 0)
bones/37/scale = Vector3(1, 1, 1)
bones/38/name = "RightLowerLeg"
bones/38/parent = 37
bones/38/rest = Transform3D(-1, 0, 0, 0, 1, 0, 0, 0, -1, 0.0321436, 0.483114, -0.0556468)
bones/38/enabled = true
bones/38/position = Vector3(0.0321436, 0.483114, -0.0556468)
bones/38/rotation = Quaternion(0, 1, 0, 0)
bones/38/scale = Vector3(1, 1, 1)
bones/39/name = "RightFoot"
bones/39/parent = 38
bones/39/rest = Transform3D(-1, 0, 0, 0, 0, -1, 0, -1, 0, -0.0536014, 0.450987, 0.016672)
bones/39/enabled = true
bones/39/position = Vector3(-0.0536014, 0.450987, 0.016672)
bones/39/rotation = Quaternion(0, 0.707107, -0.707107, 0)
bones/39/scale = Vector3(1, 1, 1)
bones/40/name = "RightToes"
bones/40/parent = 39
bones/40/rest = Transform3D(-1, 0, 0, 0, 1, 0, 0, 0, -1, -0.0471802, 0.121191, -0.0480538)
bones/40/enabled = true
bones/40/position = Vector3(-0.0471802, 0.121191, -0.0480538)
bones/40/rotation = Quaternion(0, 1, 0, 0)
bones/40/scale = Vector3(1, 1, 1)
bones/41/name = "Toe_End.R"
bones/41/parent = 40
bones/41/rest = Transform3D(-0.893265, 0.190801, -0.40702, 0.185363, 0.98122, 0.0531663, 0.409526, -0.0279577, -0.911869, 0.0120702, 0.0620724, -0.0017686)
bones/41/enabled = true
bones/41/position = Vector3(0.0120702, 0.0620724, -0.0017686)
bones/41/rotation = Quaternion(0.0966576, 0.97293, 0.00647754, -0.209817)
bones/41/scale = Vector3(0.999997, 0.99999, 0.999999)

[node name="MeshInstance3D" type="MeshInstance3D" parent="GeneralSkeleton"]
gi_mode = 0
mesh = ExtResource("1_wyxsf")
skin = SubResource("Skin_bo2op")

[node name="AnimationPlayer" type="AnimationPlayer" parent="."]
