[gd_scene load_steps=17 format=3 uid="uid://15pdlv3wc6hb"]

[ext_resource type="Script" uid="uid://b5pp10uxthdca" path="res://scripts/components/actor.gd" id="1_yo2lg"]
[ext_resource type="ArrayMesh" uid="uid://cbw22efcwhl4l" path="res://resources/meshes/ChineseWarrior2_helmet.res" id="2_w4xt8"]
[ext_resource type="ArrayMesh" uid="uid://mft7kybwhhnr" path="res://resources/meshes/ChineseWarrior2_mask.res" id="3_hbunf"]
[ext_resource type="ArrayMesh" uid="uid://dfpm82f0vdhw3" path="res://resources/meshes/ChineseWarrior2_shoulderguard_l.res" id="4_fw5wq"]
[ext_resource type="ArrayMesh" uid="uid://mq2nioufvkcw" path="res://resources/meshes/ChineseWarrior2_shoulderguard_r.res" id="5_ins3v"]
[ext_resource type="ArrayMesh" uid="uid://bxixceuuk3kw5" path="res://resources/meshes/ChineseWarrior2_thighguard_l.res" id="6_qsx3w"]
[ext_resource type="ArrayMesh" uid="uid://432edib1f5p4" path="res://resources/meshes/ChineseWarrior2_thighguard_r.res" id="7_ehajj"]
[ext_resource type="ArrayMesh" uid="uid://foyc3spkhans" path="res://resources/meshes/ChineseWarrior2_body.res" id="8_ka2iv"]
[ext_resource type="Script" uid="uid://dy0h08l1jbwow" path="res://scripts/components/hurtbox.gd" id="9_5t0sh"]
[ext_resource type="Script" uid="uid://cy5434uldqvld" path="res://scripts/components/hitbox.gd" id="10_vs1sh"]
[ext_resource type="BehaviorTree" uid="uid://dtl2ivjc8ybom" path="res://resources/ai/trees/luwei_behaviortree.tres" id="11_hbunf"]

[sub_resource type="CapsuleShape3D" id="CapsuleShape3D_yo2lg"]

[sub_resource type="Skin" id="Skin_frngi"]
resource_name = "Skin"
bind_count = 65
bind/0/name = &"Hips"
bind/0/bone = -1
bind/0/pose = Transform3D(1, 0, 0, 0, 1, -1.96135e-08, 0, -1.96135e-08, 1, 0.00329583, -1.05626, -0.0247195)
bind/1/name = &"Spine"
bind/1/bone = -1
bind/1/pose = Transform3D(1, 0, 0, 0, 1, 1.49012e-08, 0, -4.47035e-08, 1, 0.00329584, -1.16212, -0.0102146)
bind/2/name = &"Chest"
bind/2/bone = -1
bind/2/pose = Transform3D(1, 0, 0, 0, 1, 1.49012e-08, 0, -4.47035e-08, 1, 0.00329584, -1.28563, 0.00670776)
bind/3/name = &"UpperChest"
bind/3/bone = -1
bind/3/pose = Transform3D(1, 0, 0, 0, 1, 0, 0, -2.98023e-08, 1, 0.00329584, -1.42678, 0.0260476)
bind/4/name = &"Neck"
bind/4/bone = -1
bind/4/pose = Transform3D(1, 0, 0, 0, 1, 1.42109e-14, 0, -1.49012e-08, 1, 0.00329583, -1.58558, 0.0478049)
bind/5/name = &"Head"
bind/5/bone = -1
bind/5/pose = Transform3D(1, 0, 0, 0, 1, 2.13163e-14, 0, -1.49012e-08, 1, 0.00329583, -1.65288, 0.0179671)
bind/6/name = &"HeadTop_End"
bind/6/bone = -1
bind/6/pose = Transform3D(1, 0, 0, 0, 1, -1.09712e-07, 0, 6.50081e-08, 1, 0.00329583, -1.8821, 0.017967)
bind/7/name = &"LeftShoulder"
bind/7/bone = -1
bind/7/pose = Transform3D(7.45058e-08, -2.98023e-08, 1, 1, 2.98023e-08, -2.16067e-07, -5.96046e-08, 1, 2.98023e-08, 0.0478131, -0.0705892, -1.56437)
bind/8/name = &"LeftUpperArm"
bind/8/bone = -1
bind/8/pose = Transform3D(-5.7742e-08, 6.33299e-08, -1, 1, 3.72529e-08, -2.23052e-07, 9.68575e-08, -1, -2.23517e-08, -0.0478297, -0.222038, 1.52181)
bind/9/name = &"LeftLowerArm"
bind/9/bone = -1
bind/9/pose = Transform3D(1.15484e-07, -1, -2.98023e-08, 1, 2.23517e-08, -2.28873e-07, 6.37956e-08, -5.96046e-08, 1, 1.50919, -0.470136, 0.0373683)
bind/10/name = &"LeftHand"
bind/10/bone = -1
bind/10/pose = Transform3D(-8.75443e-08, 6.70552e-08, -1, 1, 4.47035e-08, -2.5332e-07, 8.19564e-08, -1, -1.49012e-08, -0.0503442, -0.696284, 1.52257)
bind/11/name = &"LeftThumbMetacarpal"
bind/11/bone = -1
bind/11/pose = Transform3D(-1.78814e-07, 1, 0, 0.816993, 0, 0.577702, 0.577702, 1.49012e-07, -0.816993, -1.50871, -0.582765, -0.440102)
bind/12/name = &"LeftThumbProximal"
bind/12/bone = -1
bind/12/pose = Transform3D(-1.19209e-07, 1, -1.49012e-08, 0.816993, 2.98023e-08, 0.577702, 0.577702, 2.08616e-07, -0.816993, -1.49762, -0.617158, -0.437482)
bind/13/name = &"LeftThumbDistal"
bind/13/bone = -1
bind/13/pose = Transform3D(-9.19681e-08, 1, -4.91273e-08, 0.816993, -2.09548e-08, 0.577702, 0.577702, 1.84868e-07, -0.816993, -1.48795, -0.648866, -0.441487)
bind/14/name = &"HandThumb4.L"
bind/14/bone = -1
bind/14/pose = Transform3D(-0.47342, -0.00211914, 0.880834, 0.880834, 0.00126683, 0.473423, -0.00211913, 0.999997, 0.00126683, 0.364127, -0.724179, -1.48583)
bind/15/name = &"LeftIndexProximal"
bind/15/bone = -1
bind/15/pose = Transform3D(-8.9407e-08, 5.96046e-08, -1, 1, 4.47035e-08, -2.55182e-07, 7.45058e-08, -1, -1.49012e-08, -0.0085461, -0.796149, 1.52057)
bind/16/name = &"LeftIndexIntermediate"
bind/16/bone = -1
bind/16/pose = Transform3D(-8.9407e-08, 8.9407e-08, -1, 1, 5.96046e-08, -2.38419e-07, 1.19209e-07, -1, -5.96046e-08, -0.00688499, -0.826715, 1.51587)
bind/17/name = &"LeftIndexDistal"
bind/17/bone = -1
bind/17/pose = Transform3D(-1.3411e-07, 2.98023e-08, -1, 1, 2.98023e-08, -2.5332e-07, 1.49012e-07, -1, -8.9407e-08, -0.00260043, -0.852041, 1.50104)
bind/18/name = &"HandIndex4.L"
bind/18/bone = -1
bind/18/pose = Transform3D(0.0474667, 0.38509, 0.921658, 0.921658, -0.372607, 0.108217, 0.385089, 0.844316, -0.372607, -0.616143, -0.247533, -1.59642)
bind/19/name = &"HandMiddle1.L"
bind/19/bone = -1
bind/19/pose = Transform3D(0.298798, 0.439515, 0.847081, 0.847081, -0.530952, -0.0233095, 0.439515, 0.724511, -0.530952, -0.885417, 0.102183, -1.47488)
bind/20/name = &"HandMiddle2.L"
bind/20/bone = -1
bind/20/pose = Transform3D(0.407499, 0.493907, 0.768115, 0.768115, -0.640298, 0.00422016, 0.493907, 0.588281, -0.640298, -1.06146, 0.31076, -1.31995)
bind/21/name = &"HandMiddle3.L"
bind/21/bone = -1
bind/21/pose = Transform3D(0.337723, 0.463794, 0.819047, 0.819047, -0.573581, -0.0129272, 0.463794, 0.675204, -0.573581, -0.954957, 0.144684, -1.42099)
bind/22/name = &"HandMiddle4.L"
bind/22/bone = -1
bind/22/pose = Transform3D(0.337723, 0.463794, 0.819047, 0.819047, -0.573581, -0.0129271, 0.463794, 0.675204, -0.573581, -0.95486, 0.127143, -1.42103)
bind/23/name = &"HandRing1.L"
bind/23/bone = -1
bind/23/pose = Transform3D(0.261941, 0.46055, 0.848104, 0.848104, -0.529218, 0.0254425, 0.46055, 0.712616, -0.529218, -0.86852, 0.098435, -1.48557)
bind/24/name = &"HandRing2.L"
bind/24/bone = -1
bind/24/pose = Transform3D(0.295267, 0.480802, 0.825619, 0.825619, -0.563276, 0.0327589, 0.480802, 0.671974, -0.563276, -0.928254, 0.148204, -1.44349)
bind/25/name = &"HandRing3.L"
bind/25/bone = -1
bind/25/pose = Transform3D(0.145399, 0.344984, 0.927279, 0.927279, -0.374322, -0.00613612, 0.344984, 0.860737, -0.374322, -0.59177, -0.242242, -1.59782)
bind/26/name = &"HandRing4.L"
bind/26/bone = -1
bind/26/pose = Transform3D(0.145404, 0.34499, 0.927275, 0.927276, -0.374329, -0.00613612, 0.34499, 0.860732, -0.374329, -0.591704, -0.256502, -1.59784)
bind/27/name = &"HandPinky1.L"
bind/27/bone = -1
bind/27/pose = Transform3D(0.261237, 0.48739, 0.83319, 0.833191, -0.549688, 0.0603126, 0.48739, 0.67845, -0.549688, -0.885006, 0.172897, -1.45411)
bind/28/name = &"HandPinky2.L"
bind/28/bone = -1
bind/28/pose = Transform3D(0.224067, 0.463641, 0.857223, 0.857223, -0.512214, 0.0529705, 0.463641, 0.722962, -0.512214, -0.817489, 0.073473, -1.49882)
bind/29/name = &"HandPinky3.L"
bind/29/bone = -1
bind/29/pose = Transform3D(0.0634642, 0.255568, 0.964706, 0.964706, -0.263255, 0.00627683, 0.255568, 0.930259, -0.263255, -0.366344, -0.41065, -1.61702)
bind/30/name = &"HandPinky4.L"
bind/30/bone = -1
bind/30/pose = Transform3D(0.0634593, 0.255561, 0.964708, 0.964708, -0.263247, 0.00627742, 0.255561, 0.930263, -0.263247, -0.366149, -0.424339, -1.61703)
bind/31/name = &"RightShoulder"
bind/31/bone = -1
bind/31/pose = Transform3D(1.56462e-07, 0, -1, -1, -1.04308e-07, -5.21541e-08, -7.45058e-08, 1, 0, -0.0477966, -0.0771807, -1.56437)
bind/32/name = &"RightUpperArm"
bind/32/bone = -1
bind/32/pose = Transform3D(-1.64378e-07, 1.49012e-08, 1, -1, -1.08033e-07, -5.89062e-08, 1.30385e-07, -1, 6.70552e-08, 0.04778, -0.22863, 1.52181)
bind/33/name = &"RightLowerArm"
bind/33/bone = -1
bind/33/pose = Transform3D(-1.22935e-07, 1, -4.47035e-08, -1, -1.08033e-07, -6.82194e-08, -1.66241e-07, 1.11759e-08, 1, -1.50919, -0.476727, 0.0404249)
bind/34/name = &"RightHand"
bind/34/bone = -1
bind/34/pose = Transform3D(-1.71596e-07, 1.86265e-08, 1, -1, -9.31323e-08, -7.82311e-08, 1.04308e-07, -1, 2.98023e-08, 0.0487803, -0.702876, 1.52257)
bind/35/name = &"RightThumbMetacarpal"
bind/35/bone = -1
bind/35/pose = Transform3D(5.96046e-08, -1, 4.47035e-08, -0.816993, 1.49012e-08, 0.577702, -0.577702, 2.98023e-08, -0.816993, 1.51163, -0.58815, -0.4437)
bind/36/name = &"RightThumbProximal"
bind/36/bone = -1
bind/36/pose = Transform3D(1.19209e-07, -1, 2.98023e-08, -0.816993, 0, 0.577702, -0.577702, 0, -0.816993, 1.50287, -0.621819, -0.441936)
bind/37/name = &"RightThumbDistal"
bind/37/bone = -1
bind/37/pose = Transform3D(1.52737e-07, -1, 8.00937e-08, -0.816993, -1.49012e-08, 0.577702, -0.577702, -1.49012e-08, -0.816993, 1.49272, -0.653786, -0.445689)
bind/38/name = &"HandThumb4.R"
bind/38/bone = -1
bind/38/pose = Transform3D(-0.441366, -0.043907, -0.896252, -0.896252, -0.0273018, 0.442703, -0.0439071, 0.998662, -0.0273019, -0.275585, -0.698092, -1.52431)
bind/39/name = &"RightIndexProximal"
bind/39/bone = -1
bind/39/pose = Transform3D(-1.75089e-07, -4.47035e-08, 1, -1, -7.45058e-08, -7.07805e-08, 1.04308e-07, -1, 2.98023e-08, 0.00942424, -0.801896, 1.52874)
bind/40/name = &"RightIndexIntermediate"
bind/40/bone = -1
bind/40/pose = Transform3D(-2.38419e-07, -2.98023e-08, 1, -1, -5.96046e-08, 0, 0, -1, -2.98023e-08, 0.0061788, -0.832538, 1.5216)
bind/41/name = &"RightIndexDistal"
bind/41/bone = -1
bind/41/pose = Transform3D(-2.08616e-07, 5.96046e-08, 1, -1, -1.19209e-07, -2.98023e-08, 1.19209e-07, -1, 0, 0.000920117, -0.858057, 1.50651)
bind/42/name = &"HandIndex4.R"
bind/42/bone = -1
bind/42/pose = Transform3D(-0.0388941, -0.28569, -0.957532, -0.957533, -0.263316, 0.117458, -0.28569, 0.921437, -0.263316, 0.396004, -0.447264, -1.63354)
bind/43/name = &"HandMiddle1.R"
bind/43/bone = -1
bind/43/pose = Transform3D(0.31571, -0.472062, -0.823094, -0.823095, -0.567817, 0.00994547, -0.472062, 0.674345, -0.567817, 0.95519, 0.179379, -1.43471)
bind/44/name = &"HandMiddle2.R"
bind/44/bone = -1
bind/44/pose = Transform3D(0.374871, -0.501402, -0.779787, -0.779787, -0.62545, 0.0272932, -0.501402, 0.597836, -0.625449, 1.05107, 0.279454, -1.34613)
bind/45/name = &"HandMiddle3.R"
bind/45/bone = -1
bind/45/pose = Transform3D(0.316888, -0.472773, -0.822234, -0.822233, -0.569057, 0.0103126, -0.472773, 0.6728, -0.569057, 0.956669, 0.134732, -1.43146)
bind/46/name = &"HandMiddle4.R"
bind/46/bone = -1
bind/46/pose = Transform3D(0.316896, -0.472776, -0.822228, -0.822228, -0.569064, 0.0103127, -0.472776, 0.672792, -0.569064, 0.956695, 0.115898, -1.43144)
bind/47/name = &"HandRing1.R"
bind/47/bone = -1
bind/47/pose = Transform3D(0.322083, -0.466301, -0.823909, -0.823909, -0.566721, -0.00134075, -0.466301, 0.679258, -0.566721, 0.932983, 0.175114, -1.44912)
bind/48/name = &"HandRing2.R"
bind/48/bone = -1
bind/48/pose = Transform3D(0.332156, -0.472325, -0.816444, -0.816445, -0.577421, 0.00189046, -0.472325, 0.665954, -0.577421, 0.950989, 0.176006, -1.43476)
bind/49/name = &"HandRing3.R"
bind/49/bone = -1
bind/49/pose = Transform3D(0.194279, -0.339266, -0.92041, -0.92041, -0.387558, -0.051424, -0.339266, 0.857145, -0.387558, 0.627186, -0.221361, -1.5952)
bind/50/name = &"HandRing4.R"
bind/50/bone = -1
bind/50/pose = Transform3D(0.19428, -0.339266, -0.920409, -0.92041, -0.387558, -0.0514243, -0.339266, 0.857145, -0.387558, 0.627228, -0.238273, -1.59519)
bind/51/name = &"HandPinky1.R"
bind/51/bone = -1
bind/51/pose = Transform3D(0.35124, -0.434542, -0.82934, -0.82934, -0.555494, -0.0601816, -0.434542, 0.708942, -0.555494, 0.883074, 0.17262, -1.46402)
bind/52/name = &"HandPinky2.R"
bind/52/bone = -1
bind/52/pose = Transform3D(0.340238, -0.426321, -0.838146, -0.838146, -0.541588, -0.0647601, -0.426321, 0.724522, -0.541588, 0.860994, 0.121029, -1.47971)
bind/53/name = &"HandPinky3.R"
bind/53/bone = -1
bind/53/pose = Transform3D(0.292191, -0.381638, -0.876913, -0.876913, -0.472816, -0.0864182, -0.381638, 0.794227, -0.472816, 0.75109, -0.0353112, -1.54136)
bind/54/name = &"HandPinky4.R"
bind/54/bone = -1
bind/54/pose = Transform3D(0.292191, -0.381638, -0.876913, -0.876913, -0.472816, -0.0864183, -0.381638, 0.794227, -0.472816, 0.751129, -0.0508849, -1.54135)
bind/55/name = &"LeftUpperLeg"
bind/55/bone = -1
bind/55/pose = Transform3D(-1, 7.29924e-08, 4.95464e-07, 6.71716e-08, -1, 5.68107e-08, -4.88013e-07, -7.91624e-08, 1, 0.102293, 0.997538, -0.014243)
bind/56/name = &"LeftLowerLeg"
bind/56/bone = -1
bind/56/pose = Transform3D(1, -8.05594e-08, -4.99189e-07, 7.31088e-08, -1, 6.70552e-08, 4.84288e-07, 6.70552e-08, -1, -0.129719, 0.526164, 0.00966623)
bind/57/name = &"LeftFoot"
bind/57/bone = -1
bind/57/pose = Transform3D(-1, 7.45058e-08, 5.51343e-07, -4.76837e-07, -2.68221e-07, 1, -4.47035e-08, 1, 5.96046e-08, 0.159361, 0.0207701, -0.113914)
bind/58/name = &"LeftToes"
bind/58/bone = -1
bind/58/pose = Transform3D(1, -7.45058e-08, -5.88712e-07, -4.57629e-07, -1.87661e-07, 1, 7.45058e-08, -1, -1.01514e-07, -0.177331, -0.118551, 0.0122812)
bind/59/name = &"Toe_End.L"
bind/59/bone = -1
bind/59/pose = Transform3D(-0.986109, -0.0822716, 0.144273, 0.144271, 0.0059761, 0.989519, -0.0822719, 0.996591, 0.00597638, 0.158775, -0.214392, 0.00164158)
bind/60/name = &"RightUpperLeg"
bind/60/bone = -1
bind/60/pose = Transform3D(-1, -9.35979e-08, -5.55068e-07, -6.47269e-08, -1, 5.96046e-08, 5.21541e-07, -8.28877e-08, 1, -0.108885, 0.997538, -0.0151373)
bind/61/name = &"RightLowerLeg"
bind/61/bone = -1
bind/61/pose = Transform3D(1, 1.03842e-07, 5.66244e-07, -7.72998e-08, -1, 5.96046e-08, -5.21541e-07, 7.45058e-08, -1, 0.136311, 0.526164, 0.0101187)
bind/62/name = &"RightFoot"
bind/62/bone = -1
bind/62/pose = Transform3D(-1, -1.04308e-07, -5.81145e-07, 5.51343e-07, -1.78814e-07, 1, 8.9407e-08, 1, 5.96046e-08, -0.165953, 0.0210539, -0.113914)
bind/63/name = &"RightToes"
bind/63/bone = -1
bind/63/pose = Transform3D(1, 1.2666e-07, 5.28875e-07, 5.32775e-07, -1.6531e-07, 1, -8.9407e-08, -1, -7.49715e-08, 0.183923, -0.113254, 0.0122821)
bind/64/name = &"Toe_End.R"
bind/64/bone = -1
bind/64/pose = Transform3D(-0.985732, 0.0822615, -0.146837, -0.146835, 0.00608279, 0.989142, 0.0822617, 0.996592, 0.00608292, -0.165679, -0.209284, 0.00220067)

[sub_resource type="CapsuleShape3D" id="CapsuleShape3D_7amxe"]
radius = 0.35
height = 1.6

[sub_resource type="CapsuleShape3D" id="CapsuleShape3D_4jcws"]
radius = 0.273519
height = 1.35319

[sub_resource type="BlackboardPlan" id="BlackboardPlan_fw5wq"]

[node name="LuWei" type="CharacterBody3D"]
script = ExtResource("1_yo2lg")
metadata/_custom_type_script = "uid://b5pp10uxthdca"

[node name="ControllerCollider" type="CollisionShape3D" parent="."]
transform = Transform3D(1, 0, 0, 0, 1, 0, 0, 0, 1, 0, 1, 0)
shape = SubResource("CapsuleShape3D_yo2lg")
debug_fill = false

[node name="GeneralSkeleton" type="Skeleton3D" parent="."]
unique_name_in_owner = true
motion_scale = 1.05626
bones/0/name = "Root"
bones/0/parent = -1
bones/0/rest = Transform3D(1, 0, 0, 0, 1, 0, 0, 0, 1, 0, 0, 0)
bones/0/enabled = true
bones/0/position = Vector3(0, 0, 0)
bones/0/rotation = Quaternion(0, 0, 0, 1)
bones/0/scale = Vector3(1, 1, 1)
bones/1/name = "Hips"
bones/1/parent = 0
bones/1/rest = Transform3D(1, 0, 0, 0, 1, 0, 0, 0, 1, -0.00329583, 1.05626, 0.0247196)
bones/1/enabled = true
bones/1/position = Vector3(-0.00329583, 1.05626, 0.0247196)
bones/1/rotation = Quaternion(0, 0, 0, 1)
bones/1/scale = Vector3(1, 1, 1)
bones/2/name = "Spine"
bones/2/parent = 1
bones/2/rest = Transform3D(1, 0, 0, 0, 1, 0, 0, 0, 1, 0, 0.105864, -0.0145049)
bones/2/enabled = true
bones/2/position = Vector3(0, 0.105864, -0.0145049)
bones/2/rotation = Quaternion(0, 0, 0, 1)
bones/2/scale = Vector3(1, 1, 1)
bones/3/name = "Chest"
bones/3/parent = 2
bones/3/rest = Transform3D(1, 0, 0, 0, 1, 0, 0, 0, 1, 2.32831e-10, 0.123507, -0.0169224)
bones/3/enabled = true
bones/3/position = Vector3(2.32831e-10, 0.123507, -0.0169224)
bones/3/rotation = Quaternion(0, 0, 0, 1)
bones/3/scale = Vector3(1, 1, 1)
bones/4/name = "UpperChest"
bones/4/parent = 3
bones/4/rest = Transform3D(1, 0, 0, 0, 1, 0, 0, 0, 1, 2.32831e-10, 0.141151, -0.0193399)
bones/4/enabled = true
bones/4/position = Vector3(2.32831e-10, 0.141151, -0.0193399)
bones/4/rotation = Quaternion(0, 0, 0, 1)
bones/4/scale = Vector3(1, 1, 1)
bones/5/name = "Neck"
bones/5/parent = 4
bones/5/rest = Transform3D(1, 0, 0, 0, 1, 0, 0, 0, 1, 2.32831e-10, 0.158795, -0.0217573)
bones/5/enabled = true
bones/5/position = Vector3(2.32831e-10, 0.158795, -0.0217573)
bones/5/rotation = Quaternion(0, 0, 0, 1)
bones/5/scale = Vector3(1, 1, 1)
bones/6/name = "Head"
bones/6/parent = 5
bones/6/rest = Transform3D(1, 0, 0, 0, 1, 0, 0, 0, 1, 0, 0.0673029, 0.0298378)
bones/6/enabled = true
bones/6/position = Vector3(0, 0.0673029, 0.0298378)
bones/6/rotation = Quaternion(0, 0, 0, 1)
bones/6/scale = Vector3(1, 1, 1)
bones/7/name = "HeadTop_End"
bones/7/parent = 6
bones/7/rest = Transform3D(1, 0, 0, 0, 1, 1.09712e-07, 0, -7.99093e-08, 1, 0, 0.22922, -1.84724e-08)
bones/7/enabled = true
bones/7/position = Vector3(0, 0.22922, -1.84724e-08)
bones/7/rotation = Quaternion(-3.99546e-08, 0, 0, 1)
bones/7/scale = Vector3(1, 1, 1)
bones/8/name = "Helmet"
bones/8/parent = 6
bones/8/rest = Transform3D(1, 0, 0, 0, 1.17858e-07, -1, 0, 1, 8.80561e-08, 0.00329583, -1.65288, 0.0179671)
bones/8/enabled = true
bones/8/position = Vector3(0.00329583, -1.65288, 0.0179671)
bones/8/rotation = Quaternion(0.707107, 0, 0, 0.707107)
bones/8/scale = Vector3(1, 1, 1)
bones/9/name = "Mask"
bones/9/parent = 6
bones/9/rest = Transform3D(1, 0, 0, 0, 1.17858e-07, -1, 0, 1, 8.80561e-08, 0.00329583, -1.65288, 0.0179671)
bones/9/enabled = true
bones/9/position = Vector3(0.00329583, -1.65288, 0.0179671)
bones/9/rotation = Quaternion(0.707107, 0, 0, 0.707107)
bones/9/scale = Vector3(1, 1, 1)
bones/10/name = "LeftShoulder"
bones/10/parent = 4
bones/10/rest = Transform3D(0, 1, 0, 0, 0, 1, 1, 0, 0, 0.0738849, 0.137588, -0.0217656)
bones/10/enabled = true
bones/10/position = Vector3(0.0738849, 0.137588, -0.0217656)
bones/10/rotation = Quaternion(0.5, 0.5, 0.5, -0.5)
bones/10/scale = Vector3(1, 1, 1)
bones/11/name = "LeftUpperArm"
bones/11/parent = 10
bones/11/rest = Transform3D(-1, 0, 0, 0, 1, 0, 0, 0, -1, -1.65308e-05, 0.151449, -0.0425549)
bones/11/enabled = true
bones/11/position = Vector3(-1.65308e-05, 0.151449, -0.0425549)
bones/11/rotation = Quaternion(0, 1, 0, 0)
bones/11/scale = Vector3(1, 1, 1)
bones/12/name = "LeftLowerArm"
bones/12/parent = 11
bones/12/rest = Transform3D(0, 0, -1, 0, 1, 0, 1, 0, 0, -0.0104613, 0.248098, 0.0126287)
bones/12/enabled = true
bones/12/position = Vector3(-0.0104613, 0.248098, 0.0126287)
bones/12/rotation = Quaternion(0, -0.707107, 0, 0.707107)
bones/12/scale = Vector3(1, 1, 1)
bones/13/name = "LeftHand"
bones/13/parent = 12
bones/13/rest = Transform3D(0, 0, 1, 0, 1, 0, -1, 0, 0, -0.0133842, 0.226149, -0.0129759)
bones/13/enabled = true
bones/13/position = Vector3(-0.0133842, 0.226149, -0.0129759)
bones/13/rotation = Quaternion(0, 0.707107, 0, 0.707107)
bones/13/scale = Vector3(1, 1, 1)
bones/14/name = "LeftThumbMetacarpal"
bones/14/parent = 13
bones/14/rest = Transform3D(0, -0.577, 0.816, 0, 0.816, 0.577, -1, 0, 0, -0.0274769, 0.033191, 0.0138616)
bones/14/enabled = true
bones/14/position = Vector3(-0.0274769, 0.033191, 0.0138616)
bones/14/rotation = Quaternion(-0.214187, 0.673887, 0.214187, 0.673887)
bones/14/scale = Vector3(1, 0.999392, 0.999392)
bones/15/name = "LeftThumbProximal"
bones/15/parent = 14
bones/15/rest = Transform3D(1, 0, 0, 0, 1, 2.98023e-08, 0, -2.98023e-08, 1, -0.0110899, 0.0343922, -0.00261944)
bones/15/enabled = true
bones/15/position = Vector3(-0.0110899, 0.0343922, -0.00261944)
bones/15/rotation = Quaternion(-1.49012e-08, 0, 0, 1)
bones/15/scale = Vector3(1, 1, 1)
bones/16/name = "LeftThumbDistal"
bones/16/parent = 15
bones/16/rest = Transform3D(1, 0, 0, 0, 1, 0, 0, 0, 1, -0.00967197, 0.0317084, 0.00400435)
bones/16/enabled = true
bones/16/position = Vector3(-0.00967197, 0.0317084, 0.00400435)
bones/16/rotation = Quaternion(0, 0, 0, 1)
bones/16/scale = Vector3(1, 1, 1)
bones/17/name = "HandThumb4.L"
bones/17/parent = 16
bones/17/rest = Transform3D(-0.00211912, 0.00126675, 0.999997, 0.122079, 0.993133, -0.000999452, -0.993131, 0.122076, -0.00225906, -0.000428409, 0.0244024, 0.00518729)
bones/17/enabled = true
bones/17/position = Vector3(-0.000428409, 0.0244024, 0.00518729)
bones/17/rotation = Quaternion(0.0436165, 0.706559, 0.0428145, 0.70501)
bones/17/scale = Vector3(1.00061, 1.00061, 1)
bones/18/name = "LeftIndexProximal"
bones/18/parent = 13
bones/18/rest = Transform3D(1, 0, 0, 0, 1, 0, 0, 0, 1, -0.0417981, 0.0998648, 0.00200084)
bones/18/enabled = true
bones/18/position = Vector3(-0.0417981, 0.0998648, 0.00200084)
bones/18/rotation = Quaternion(0, 0, 0, 1)
bones/18/scale = Vector3(1, 1, 1)
bones/19/name = "LeftIndexIntermediate"
bones/19/parent = 18
bones/19/rest = Transform3D(1, 0, 0, 0, 1, 0, 0, 0, 1, -0.00166117, 0.0305665, 0.00469703)
bones/19/enabled = true
bones/19/position = Vector3(-0.00166117, 0.0305665, 0.00469703)
bones/19/rotation = Quaternion(0, 0, 0, 1)
bones/19/scale = Vector3(1, 1, 1)
bones/20/name = "LeftIndexDistal"
bones/20/parent = 19
bones/20/rest = Transform3D(1, 0, 0, 0, 1, 0, 0, 0, 1, -0.00428452, 0.0253259, 0.014828)
bones/20/enabled = true
bones/20/position = Vector3(-0.00428452, 0.0253259, 0.014828)
bones/20/rotation = Quaternion(0, 0, 0, 1)
bones/20/scale = Vector3(1, 1, 1)
bones/21/name = "HandIndex4.L"
bones/21/parent = 20
bones/21/rest = Transform3D(-0.921657, -0.108217, 0.372607, 0.0474666, 0.921657, 0.385089, -0.385089, 0.372607, -0.844316, -0.00242197, 0.0201106, 0.00812046)
bones/21/enabled = true
bones/21/position = Vector3(-0.00242197, 0.0201106, 0.00812046)
bones/21/rotation = Quaternion(-0.0158178, 0.96016, 0.197284, 0.197284)
bones/21/scale = Vector3(1, 1, 1)
bones/22/name = "HandMiddle1.L"
bones/22/parent = 13
bones/22/rest = Transform3D(-0.847081, 0.0233092, 0.530952, 0.298798, 0.847081, 0.439515, -0.439515, 0.530952, -0.724511, -0.0196563, 0.12995, 0.0105961)
bones/22/enabled = true
bones/22/position = Vector3(-0.0196563, 0.12995, 0.0105961)
bones/22/rotation = Quaternion(0.0871047, 0.924483, 0.262435, 0.262435)
bones/22/scale = Vector3(1, 1, 1)
bones/23/name = "HandMiddle2.L"
bones/23/parent = 22
bones/23/rest = Transform3D(0.989495, -0.0483343, -0.136248, 0.0650395, 0.990525, 0.120955, 0.129111, -0.128546, 0.983263, 6.6958e-05, 0.023059, -2.51555e-05)
bones/23/enabled = true
bones/23/position = Vector3(6.6958e-05, 0.023059, -2.51555e-05)
bones/23/rotation = Quaternion(-0.0626636, -0.0666462, 0.0284744, 0.9954)
bones/23/scale = Vector3(1, 1, 1)
bones/24/name = "HandMiddle3.L"
bones/24/parent = 23
bones/24/rest = Transform3D(0.995815, 0.0405358, 0.0819077, -0.0340996, 0.99633, -0.0785052, -0.0847893, 0.0753836, 0.993543, 3.03835e-05, 0.0224885, -1.6232e-05)
bones/24/enabled = true
bones/24/position = Vector3(3.03835e-05, 0.0224885, -1.6232e-05)
bones/24/rotation = Quaternion(0.0385412, 0.041749, -0.0186923, 0.998209)
bones/24/scale = Vector3(1, 1, 1)
bones/25/name = "HandMiddle4.L"
bones/25/parent = 24
bones/25/rest = Transform3D(1, -4.65661e-09, -5.96046e-08, -7.17118e-08, 1, 1.02445e-08, 1.49012e-07, -9.73232e-08, 1, -9.72112e-05, 0.0175403, 4.20504e-05)
bones/25/enabled = true
bones/25/position = Vector3(-9.72112e-05, 0.0175403, 4.20504e-05)
bones/25/rotation = Quaternion(-4.86616e-08, -7.45058e-08, -3.58559e-08, 1)
bones/25/scale = Vector3(1, 1, 1)
bones/26/name = "HandRing1.L"
bones/26/parent = 13
bones/26/rest = Transform3D(-0.848104, -0.0254427, 0.529218, 0.261941, 0.848104, 0.46055, -0.46055, 0.529218, -0.712616, 0.00175368, 0.131911, 0.0118409)
bones/26/enabled = true
bones/26/position = Vector3(0.00175368, 0.131911, 0.0118409)
bones/26/rotation = Quaternion(0.0640465, 0.92315, 0.268041, 0.268041)
bones/26/scale = Vector3(1, 1, 1)
bones/27/name = "HandRing2.L"
bones/27/parent = 26
bones/27/rest = Transform3D(0.998987, -0.0153702, -0.0422978, 0.0169738, 0.99914, 0.0378184, 0.0416801, -0.0384981, 0.998389, 1.53932e-05, 0.0207049, -6.28395e-06)
bones/27/enabled = true
bones/27/position = Vector3(1.53932e-05, 0.0207049, -6.28395e-06)
bones/27/rotation = Quaternion(-0.0190874, -0.0210036, 0.00808953, 0.999564)
bones/27/scale = Vector3(1, 1, 1)
bones/28/name = "HandRing3.L"
bones/28/parent = 27
bones/28/rest = Transform3D(0.974379, 0.0887537, 0.206659, -0.0439008, 0.976224, -0.21227, -0.220586, 0.197759, 0.955109, 5.9184e-05, 0.0195381, -2.63623e-05)
bones/28/enabled = true
bones/28/position = Vector3(5.9184e-05, 0.0195381, -2.63623e-05)
bones/28/rotation = Quaternion(0.103737, 0.108093, -0.0335615, 0.988144)
bones/28/scale = Vector3(1, 1, 1)
bones/29/name = "HandRing4.L"
bones/29/parent = 28
bones/29/rest = Transform3D(1, -2.84007e-06, -7.689e-06, 2.89874e-06, 1, 7.11926e-06, 7.7486e-06, -7.03544e-06, 1, -7.95868e-05, 0.0142731, 1.6574e-05)
bones/29/enabled = true
bones/29/position = Vector3(-7.95868e-05, 0.0142731, 1.6574e-05)
bones/29/rotation = Quaternion(-3.51772e-06, -3.87431e-06, 1.44936e-06, 1)
bones/29/scale = Vector3(1, 1, 1)
bones/30/name = "HandPinky1.L"
bones/30/parent = 13
bones/30/rest = Transform3D(-0.83319, -0.0603128, 0.549687, 0.261237, 0.83319, 0.48739, -0.48739, 0.549687, -0.67845, 0.0220087, 0.0995725, 0.00964988)
bones/30/enabled = true
bones/30/position = Vector3(0.0220087, 0.0995725, 0.00964988)
bones/30/rotation = Quaternion(0.0549308, 0.914444, 0.283527, 0.283527)
bones/30/scale = Vector3(1, 1, 1)
bones/31/name = "HandPinky2.L"
bones/31/parent = 30
bones/31/rest = Transform3D(0.998739, 0.0184253, 0.0467135, -0.0164656, 0.998982, -0.0419956, -0.0474397, 0.0411734, 0.998025, 0.000113856, 0.0230944, -5.11929e-05)
bones/31/enabled = true
bones/31/position = Vector3(0.000113856, 0.0230944, -5.11929e-05)
bones/31/rotation = Quaternion(0.0208033, 0.0235508, -0.00872738, 0.999468)
bones/31/scale = Vector3(1, 1, 1)
bones/32/name = "HandPinky3.L"
bones/32/parent = 31
bones/32/rest = Transform3D(0.95968, 0.0994836, 0.262902, -0.0254014, 0.962143, -0.271357, -0.279945, 0.253738, 0.925877, 5.27989e-05, 0.0204828, -2.01347e-05)
bones/32/enabled = true
bones/32/position = Vector3(5.27989e-05, 0.0204828, -2.01347e-05)
bones/32/rotation = Quaternion(0.133847, 0.138371, -0.0318332, 0.980778)
bones/32/scale = Vector3(1, 1, 1)
bones/33/name = "HandPinky4.L"
bones/33/parent = 32
bones/33/rest = Transform3D(1, 2.80701e-06, 8.52346e-06, -2.77162e-06, 1, -7.94569e-06, -8.52346e-06, 7.91415e-06, 1, -0.00018037, 0.0136751, 1.69595e-05)
bones/33/enabled = true
bones/33/position = Vector3(-0.00018037, 0.0136751, 1.69595e-05)
bones/33/rotation = Quaternion(3.95708e-06, 4.26173e-06, -1.38582e-06, 1)
bones/33/scale = Vector3(1, 1, 1)
bones/34/name = "ShoulderGuard.L"
bones/34/parent = 11
bones/34/rest = Transform3D(-1.85566e-07, -1, -1.75089e-07, 1, -2.24449e-07, -9.31323e-08, 3.72529e-08, -1.37836e-07, 1, -0.0478297, -0.222038, 1.52181)
bones/34/enabled = true
bones/34/position = Vector3(-0.0478297, -0.222038, 1.52181)
bones/34/rotation = Quaternion(-3.55614e-08, -6.19032e-08, 0.707107, 0.707107)
bones/34/scale = Vector3(1, 1, 1)
bones/35/name = "RightShoulder"
bones/35/parent = 4
bones/35/rest = Transform3D(0, -1, 0, 0, 0, 1, -1, 0, 0, -0.0738849, 0.137588, -0.021749)
bones/35/enabled = true
bones/35/position = Vector3(-0.0738849, 0.137588, -0.021749)
bones/35/rotation = Quaternion(0.5, -0.5, -0.5, -0.5)
bones/35/scale = Vector3(1, 1, 1)
bones/36/name = "RightUpperArm"
bones/36/parent = 35
bones/36/rest = Transform3D(-1, 0, 0, 0, 1, 0, 0, 0, -1, -1.65231e-05, 0.151449, -0.0425548)
bones/36/enabled = true
bones/36/position = Vector3(-1.65231e-05, 0.151449, -0.0425548)
bones/36/rotation = Quaternion(0, 1, 0, 0)
bones/36/scale = Vector3(1, 1, 1)
bones/37/name = "RightLowerArm"
bones/37/parent = 36
bones/37/rest = Transform3D(0, 0, 1, 0, 1, 0, -1, 0, 0, 0.00735508, 0.248097, 0.0126286)
bones/37/enabled = true
bones/37/position = Vector3(0.00735508, 0.248097, 0.0126286)
bones/37/rotation = Quaternion(0, 0.707107, 0, 0.707107)
bones/37/scale = Vector3(1, 1, 1)
bones/38/name = "RightHand"
bones/38/parent = 37
bones/38/rest = Transform3D(0, 0, -1, 0, 1, 0, 1, 0, 0, 0.0133845, 0.226149, -0.00835538)
bones/38/enabled = true
bones/38/position = Vector3(0.0133845, 0.226149, -0.00835538)
bones/38/rotation = Quaternion(0, -0.707107, 0, 0.707107)
bones/38/scale = Vector3(1, 1, 1)
bones/39/name = "RightThumbMetacarpal"
bones/39/parent = 38
bones/39/rest = Transform3D(0, 0.577, -0.816, 0, 0.816, 0.577, 1, 0, 0, 0.0260836, 0.0330699, 0.0109438)
bones/39/enabled = true
bones/39/position = Vector3(0.0260836, 0.0330699, 0.0109438)
bones/39/rotation = Quaternion(-0.214187, -0.673887, -0.214187, 0.673887)
bones/39/scale = Vector3(1, 0.999392, 0.999392)
bones/40/name = "RightThumbProximal"
bones/40/parent = 39
bones/40/rest = Transform3D(1, 0, 0, 0, 1, 2.98023e-08, 0, -2.98023e-08, 1, 0.00875522, 0.0336694, -0.0017644)
bones/40/enabled = true
bones/40/position = Vector3(0.00875522, 0.0336694, -0.0017644)
bones/40/rotation = Quaternion(-1.49012e-08, 0, 0, 1)
bones/40/scale = Vector3(1, 1, 1)
bones/41/name = "RightThumbDistal"
bones/41/parent = 40
bones/41/rest = Transform3D(1, 0, 0, 0, 1, 0, 0, 0, 1, 0.0101497, 0.0319668, 0.0037532)
bones/41/enabled = true
bones/41/position = Vector3(0.0101497, 0.0319668, 0.0037532)
bones/41/rotation = Quaternion(0, 0, 0, 1)
bones/41/scale = Vector3(1, 1, 1)
bones/42/name = "HandThumb4.R"
bones/42/parent = 41
bones/42/rest = Transform3D(0.0439071, 0.0273017, -0.998662, -0.157174, 0.987982, 0.0200995, 0.987209, 0.156081, 0.0476705, 0.00160694, 0.0232391, 0.00799415)
bones/42/enabled = true
bones/42/position = Vector3(0.00160694, 0.0232391, 0.00799415)
bones/42/rotation = Quaternion(0.047132, -0.688456, -0.0639339, 0.720915)
bones/42/scale = Vector3(1.00061, 1.00061, 1)
bones/43/name = "RightIndexProximal"
bones/43/parent = 38
bones/43/rest = Transform3D(1, 0, 0, 0, 1, 0, 0, 0, 1, 0.0393562, 0.0990207, -0.00616994)
bones/43/enabled = true
bones/43/position = Vector3(0.0393562, 0.0990207, -0.00616994)
bones/43/rotation = Quaternion(0, 0, 0, 1)
bones/43/scale = Vector3(1, 1, 1)
bones/44/name = "RightIndexIntermediate"
bones/44/parent = 43
bones/44/rest = Transform3D(1, 0, 0, 0, 1, 0, 0, 0, 1, 0.00324537, 0.030642, 0.00714426)
bones/44/enabled = true
bones/44/position = Vector3(0.00324537, 0.030642, 0.00714426)
bones/44/rotation = Quaternion(0, 0, 0, 1)
bones/44/scale = Vector3(1, 1, 1)
bones/45/name = "RightIndexDistal"
bones/45/parent = 44
bones/45/rest = Transform3D(1, 0, 0, 0, 1, 0, 0, 0, 1, 0.00525869, 0.0255187, 0.0150875)
bones/45/enabled = true
bones/45/position = Vector3(0.00525869, 0.0255187, 0.0150875)
bones/45/rotation = Quaternion(0, 0, 0, 1)
bones/45/scale = Vector3(1, 1, 1)
bones/46/name = "HandIndex4.R"
bones/46/parent = 45
bones/46/rest = Transform3D(-0.957532, 0.117458, -0.263316, 0.0388944, 0.957532, 0.28569, 0.28569, 0.263316, -0.921436, 0.00250323, 0.0214977, 0.00593803)
bones/46/enabled = true
bones/46/position = Vector3(0.00250323, 0.0214977, 0.00593803)
bones/46/rotation = Quaternion(0.0399122, 0.979349, 0.140146, -0.140146)
bones/46/scale = Vector3(1, 1, 1)
bones/47/name = "HandMiddle1.R"
bones/47/parent = 38
bones/47/rest = Transform3D(-0.823095, 0.00994547, -0.567817, -0.315709, 0.823095, 0.472062, 0.472062, 0.567817, -0.674345, 0.018558, 0.128311, 0.00231918)
bones/47/enabled = true
bones/47/position = Vector3(0.018558, 0.128311, 0.00231918)
bones/47/rotation = Quaternion(-0.0838982, 0.911117, 0.285331, -0.285331)
bones/47/scale = Vector3(1, 1, 1)
bones/48/name = "HandMiddle2.R"
bones/48/parent = 47
bones/48/rest = Transform3D(0.996882, 0.0266, 0.0742908, -0.0316043, 0.997251, 0.0670196, -0.0723039, -0.0691584, 0.994982, -2.60684e-05, 0.0241285, -1.02299e-05)
bones/48/enabled = true
bones/48/position = Vector3(-2.60684e-05, 0.0241285, -1.02299e-05)
bones/48/rotation = Quaternion(-0.0340909, 0.0366986, -0.0145709, 0.998638)
bones/48/scale = Vector3(1, 1, 1)
bones/49/name = "HandMiddle3.R"
bones/49/parent = 48
bones/49/rest = Transform3D(0.997008, -0.0309462, -0.0708291, 0.0261498, 0.997365, -0.0676716, 0.0727367, 0.0656171, 0.99519, 3.89997e-05, 0.023192, 1.86499e-05)
bones/49/enabled = true
bones/49/position = Vector3(3.89997e-05, 0.023192, 1.86499e-05)
bones/49/rotation = Quaternion(0.0333657, -0.0359384, 0.0142927, 0.998695)
bones/49/scale = Vector3(1, 1, 1)
bones/50/name = "HandMiddle4.R"
bones/50/parent = 49
bones/50/rest = Transform3D(1, 4.91459e-06, 8.9407e-06, -4.88386e-06, 1, 7.22101e-06, -8.9705e-06, -7.22799e-06, 1, -1.41362e-05, 0.0188482, -5.62357e-06)
bones/50/enabled = true
bones/50/position = Vector3(-1.41362e-05, 0.0188482, -5.62357e-06)
bones/50/rotation = Quaternion(-3.61399e-06, 4.48526e-06, -2.44191e-06, 1)
bones/50/scale = Vector3(1, 1, 1)
bones/51/name = "HandRing1.R"
bones/51/parent = 38
bones/51/rest = Transform3D(-0.823909, -0.00134069, -0.566721, -0.322083, 0.823909, 0.466301, 0.466301, 0.566721, -0.679258, -0.0035353, 0.129068, 0.0039556)
bones/51/enabled = true
bones/51/position = Vector3(-0.0035353, 0.129068, 0.0039556)
bones/51/rotation = Quaternion(-0.0886565, 0.912014, 0.283171, -0.283171)
bones/51/scale = Vector3(1, 1, 1)
bones/52/name = "HandRing2.R"
bones/52/parent = 51
bones/52/rest = Transform3D(0.999903, 0.00473128, 0.0130792, -0.00489508, 0.99991, 0.0125169, -0.0130189, -0.0125797, 0.999836, 1.87453e-05, 0.0217377, 6.85081e-06)
bones/52/enabled = true
bones/52/position = Vector3(1.87453e-05, 0.0217377, 6.85081e-06)
bones/52/rotation = Quaternion(-0.00627442, 0.00652483, -0.0024067, 0.999956)
bones/52/scale = Vector3(1, 1, 1)
bones/53/name = "HandRing3.R"
bones/53/parent = 52
bones/53/rest = Transform3D(0.976238, -0.0806811, -0.20112, 0.0355411, 0.975151, -0.218674, 0.213765, 0.20633, 0.954847, 2.03292e-05, 0.0207472, 7.80638e-06)
bones/53/enabled = true
bones/53/position = Vector3(2.03292e-05, 0.0207472, 7.80638e-06)
bones/53/rotation = Quaternion(0.107519, -0.104959, 0.0294022, 0.98821)
bones/53/scale = Vector3(1, 1, 1)
bones/54/name = "HandRing4.R"
bones/54/parent = 53
bones/54/rest = Transform3D(1, 2.19792e-07, 5.96046e-08, -2.57045e-07, 1, -4.09782e-08, -2.98023e-08, 1.21072e-07, 1, -4.13432e-05, 0.0169127, -6.61662e-06)
bones/54/enabled = true
bones/54/position = Vector3(-4.13432e-05, 0.0169127, -6.61662e-06)
bones/54/rotation = Quaternion(6.0536e-08, 1.49012e-08, -1.28523e-07, 1)
bones/54/scale = Vector3(1, 1, 1)
bones/55/name = "HandPinky1.R"
bones/55/parent = 38
bones/55/rest = Transform3D(-0.82934, -0.0601816, -0.555494, -0.351239, 0.82934, 0.434542, 0.434542, 0.555494, -0.708942, -0.0217176, 0.100312, 0.0050428)
bones/55/enabled = true
bones/55/position = Vector3(-0.0217176, 0.100312, 0.0050428)
bones/55/rotation = Quaternion(-0.112097, 0.917554, 0.269749, -0.269749)
bones/55/scale = Vector3(1, 1, 1)
bones/56/name = "HandPinky2.R"
bones/56/parent = 55
bones/56/rest = Transform3D(0.999867, -0.00533886, -0.0154157, 0.00508733, 0.999854, -0.0163094, 0.0155006, 0.0162289, 0.999748, 3.00861e-05, 0.0230954, 9.86526e-06)
bones/56/enabled = true
bones/56/position = Vector3(3.00861e-05, 0.0230954, 9.86526e-06)
bones/56/rotation = Quaternion(0.00813512, -0.0077296, 0.00260672, 0.999934)
bones/56/scale = Vector3(1, 1, 1)
bones/57/name = "HandPinky3.R"
bones/57/parent = 56
bones/57/rest = Transform3D(0.997096, -0.0243565, -0.072155, 0.0185813, 0.996649, -0.079656, 0.0738533, 0.0780839, 0.994207, 8.55021e-06, 0.0194868, 2.70391e-06)
bones/57/enabled = true
bones/57/position = Vector3(8.55021e-06, 0.0194868, 2.70391e-06)
bones/57/rotation = Quaternion(0.0394945, -0.0365571, 0.0107506, 0.998493)
bones/57/scale = Vector3(1, 1, 1)
bones/58/name = "HandPinky4.R"
bones/58/parent = 57
bones/58/rest = Transform3D(1, -1.49012e-08, -2.98023e-08, 2.23517e-08, 1, -3.72529e-09, 5.96046e-08, 4.84288e-08, 1, -3.96434e-05, 0.0155736, -8.98563e-06)
bones/58/enabled = true
bones/58/position = Vector3(-3.96434e-05, 0.0155736, -8.98563e-06)
bones/58/rotation = Quaternion(2.42144e-08, -2.98023e-08, 1.11759e-08, 1)
bones/58/scale = Vector3(1, 1, 1)
bones/59/name = "ShoulderGuard.R"
bones/59/parent = 36
bones/59/rest = Transform3D(1.234e-08, 1, -2.23517e-08, -1, 1.69966e-08, 7.45058e-08, 2.98023e-08, 1.11759e-08, 1, 0.0477801, -0.22863, 1.52181)
bones/59/enabled = true
bones/59/position = Vector3(0.0477801, -0.22863, 1.52181)
bones/59/rotation = Quaternion(-6.58544e-09, -1.4488e-08, -0.707107, 0.707107)
bones/59/scale = Vector3(1, 1, 1)
bones/60/name = "LeftUpperLeg"
bones/60/parent = 1
bones/60/rest = Transform3D(-1, 0, 0, 0, -1, 0, 0, 0, 1, 0.105589, -0.0587205, -0.0104765)
bones/60/enabled = true
bones/60/position = Vector3(0.105589, -0.0587205, -0.0104765)
bones/60/rotation = Quaternion(0, 0, 1, 0)
bones/60/scale = Vector3(1, 1, 1)
bones/61/name = "LeftLowerLeg"
bones/61/parent = 60
bones/61/rest = Transform3D(-1, 0, 0, 0, 1, 0, 0, 0, -1, -0.0274262, 0.471374, -0.00457673)
bones/61/enabled = true
bones/61/position = Vector3(-0.0274262, 0.471374, -0.00457673)
bones/61/rotation = Quaternion(0, 1, 0, 0)
bones/61/scale = Vector3(1, 1, 1)
bones/62/name = "LeftFoot"
bones/62/parent = 61
bones/62/rest = Transform3D(-1, 0, 0, 0, 0, -1, 0, -1, 0, 0.0296419, 0.41225, 0.0304363)
bones/62/enabled = true
bones/62/position = Vector3(0.0296419, 0.41225, 0.0304363)
bones/62/rotation = Quaternion(0, 0.707107, -0.707107, 0)
bones/62/scale = Vector3(1, 1, 1)
bones/63/name = "LeftToes"
bones/63/parent = 62
bones/63/rest = Transform3D(-1, 0, 0, 0, 1, 0, 0, 0, -1, -0.0179698, 0.139321, -0.101632)
bones/63/enabled = true
bones/63/position = Vector3(-0.0179698, 0.139321, -0.101632)
bones/63/rotation = Quaternion(0, 1, 0, 0)
bones/63/scale = Vector3(1, 1, 1)
bones/64/name = "Toe_End.L"
bones/64/parent = 63
bones/64/rest = Transform3D(-0.986115, 0.144273, -0.0822719, 0.144272, 0.98952, 0.00597623, 0.0822721, -0.00597639, -0.996592, 0.0103049, 0.0706775, -0.000426852)
bones/64/enabled = true
bones/64/position = Vector3(0.0103049, 0.0706775, -0.000426852)
bones/64/rotation = Quaternion(0.0723878, 0.996522, -1.7056e-08, -0.0412795)
bones/64/scale = Vector3(1, 1, 1)
bones/65/name = "ThighGuard.L"
bones/65/parent = 60
bones/65/rest = Transform3D(-1, -3.76254e-07, -5.03205e-07, -8.10018e-07, -9.59262e-08, 1, -4.84288e-08, 1, 7.26432e-08, 0.102293, 0.997538, -0.014243)
bones/65/enabled = true
bones/65/position = Vector3(0.102293, 0.997538, -0.014243)
bones/65/rotation = Quaternion(-3.03507e-07, 0.707107, 0.707107, -2.69262e-07)
bones/65/scale = Vector3(1, 1, 1)
bones/66/name = "RightUpperLeg"
bones/66/parent = 1
bones/66/rest = Transform3D(-1, 0, 0, 0, -1, 0, 0, 0, 1, -0.105589, -0.0587205, -0.00958212)
bones/66/enabled = true
bones/66/position = Vector3(-0.105589, -0.0587205, -0.00958212)
bones/66/rotation = Quaternion(0, 0, 1, 0)
bones/66/scale = Vector3(1, 1, 1)
bones/67/name = "RightLowerLeg"
bones/67/parent = 66
bones/67/rest = Transform3D(-1, 0, 0, 0, 1, 0, 0, 0, -1, 0.0274262, 0.471374, -0.00501859)
bones/67/enabled = true
bones/67/position = Vector3(0.0274262, 0.471374, -0.00501859)
bones/67/rotation = Quaternion(0, 1, 0, 0)
bones/67/scale = Vector3(1, 1, 1)
bones/68/name = "RightFoot"
bones/68/parent = 67
bones/68/rest = Transform3D(-1, 0, 0, 0, 0, -1, 0, -1, 0, -0.0296419, 0.41225, 0.0311726)
bones/68/enabled = true
bones/68/position = Vector3(-0.0296419, 0.41225, 0.0311726)
bones/68/rotation = Quaternion(0, 0.707107, -0.707107, 0)
bones/68/scale = Vector3(1, 1, 1)
bones/69/name = "RightToes"
bones/69/parent = 68
bones/69/rest = Transform3D(-1, 0, 0, 0, 1, 0, 0, 0, -1, 0.0179698, 0.134308, -0.101632)
bones/69/enabled = true
bones/69/position = Vector3(0.0179698, 0.134308, -0.101632)
bones/69/rotation = Quaternion(0, 1, 0, 0)
bones/69/scale = Vector3(1, 1, 1)
bones/70/name = "Toe_End.R"
bones/70/parent = 69
bones/70/rest = Transform3D(-0.985737, -0.146837, 0.0822618, -0.146836, 0.989142, 0.0060828, -0.0822618, -0.00608302, -0.996592, -0.0103049, 0.0694169, -0.000426897)
