[gd_scene load_steps=111 format=3 uid="uid://cjt7j7iawm8n5"]

[ext_resource type="Script" uid="uid://cpvknkf3ckv14" path="res://content/player/player.gd" id="1_2rga7"]
[ext_resource type="ArrayMesh" uid="uid://ctrywqbif1s2g" path="res://resources/meshes/Hero_body.res" id="2_ij1f2"]
[ext_resource type="ArrayMesh" uid="uid://coa02u46hf2v1" path="res://resources/meshes/Hero_Shield.res" id="3_u4k06"]
[ext_resource type="Animation" uid="uid://c1k7orx1io0xn" path="res://resources/animations/player/draw_sword_1.res" id="4_51wi4"]
[ext_resource type="Animation" uid="uid://dxnokr40j3v3v" path="res://resources/animations/player/draw_sword_2.res" id="5_s6f4w"]
[ext_resource type="Animation" uid="uid://djtiypwdqxh5m" path="res://resources/animations/player/sheath_sword_1.res" id="6_o76ip"]
[ext_resource type="Animation" uid="uid://c1wlx5hd04164" path="res://resources/animations/player/sheath_sword_2.res" id="7_20nuj"]
[ext_resource type="Animation" uid="uid://c7mnhhfh2xopw" path="res://resources/animations/player/sword_and_shield_180_turn.res" id="8_p7no3"]
[ext_resource type="Animation" uid="uid://d3pkq8byabndm" path="res://resources/animations/player/sword_and_shield_180_turn_(2).res" id="9_vtbyy"]
[ext_resource type="Animation" uid="uid://b4amg5u5ndp22" path="res://resources/animations/player/sword_and_shield_attack.res" id="10_g2xv3"]
[ext_resource type="Animation" uid="uid://cgo5j8qap5gtu" path="res://resources/animations/player/sword_and_shield_attack_(2).res" id="11_y10ef"]
[ext_resource type="Animation" uid="uid://bpvkf0jgi3un0" path="res://resources/animations/player/sword_and_shield_attack_(3).res" id="12_imvif"]
[ext_resource type="Animation" uid="uid://bn1k6di6s1t3j" path="res://resources/animations/player/sword_and_shield_attack_(4).res" id="13_ox44m"]
[ext_resource type="Animation" uid="uid://cohl038cbf7x2" path="res://resources/animations/player/sword_and_shield_block.res" id="14_x6mkp"]
[ext_resource type="Animation" uid="uid://btrj274gq5bjb" path="res://resources/animations/player/sword_and_shield_block_(2).res" id="15_drxgr"]
[ext_resource type="Animation" uid="uid://cueks0aklu1r8" path="res://resources/animations/player/sword_and_shield_block_idle.res" id="16_bq41c"]
[ext_resource type="Animation" uid="uid://isslwuaywh76" path="res://resources/animations/player/sword_and_shield_casting.res" id="17_6ifek"]
[ext_resource type="Animation" uid="uid://bjdfdgxu3lli1" path="res://resources/animations/player/sword_and_shield_casting_(2).res" id="18_0548x"]
[ext_resource type="Animation" uid="uid://bfnik6ugjd5yh" path="res://resources/animations/player/sword_and_shield_crouch.res" id="19_idq82"]
[ext_resource type="Animation" uid="uid://bv4u5thofgv63" path="res://resources/animations/player/sword_and_shield_crouch_block.res" id="20_f0cx3"]
[ext_resource type="Animation" uid="uid://u0wf70cnpdf3" path="res://resources/animations/player/sword_and_shield_crouch_block_(2).res" id="21_n0sfr"]
[ext_resource type="Animation" uid="uid://d0c4wsj0ovhdw" path="res://resources/animations/player/sword_and_shield_crouch_block_idle.res" id="22_vb2x8"]
[ext_resource type="Animation" uid="uid://0r442mcq8a5n" path="res://resources/animations/player/sword_and_shield_crouch_idle.res" id="23_15be8"]
[ext_resource type="Animation" uid="uid://c3oks0ubdwqmm" path="res://resources/animations/player/sword_and_shield_crouching.res" id="24_ytmai"]
[ext_resource type="Animation" uid="uid://bi552h3o6k7pp" path="res://resources/animations/player/sword_and_shield_crouching_(2).res" id="25_ri37b"]
[ext_resource type="Animation" uid="uid://b4fq780yui4rt" path="res://resources/animations/player/sword_and_shield_crouching_(3).res" id="26_08b3r"]
[ext_resource type="Animation" uid="uid://coqkq8aoj5qxh" path="res://resources/animations/player/sword_and_shield_death.res" id="27_218qk"]
[ext_resource type="Animation" uid="uid://c22n3iml5h1qi" path="res://resources/animations/player/sword_and_shield_death_(2).res" id="28_twa7k"]
[ext_resource type="Animation" uid="uid://cy6s2ffgc6ph2" path="res://resources/animations/player/sword_and_shield_idle.res" id="29_8vqjb"]
[ext_resource type="Animation" uid="uid://c1syc2s4j7e8h" path="res://resources/animations/player/sword_and_shield_idle_(2).res" id="30_akuxx"]
[ext_resource type="Animation" uid="uid://ov27e0d6rwb6" path="res://resources/animations/player/sword_and_shield_idle_(3).res" id="31_r22n1"]
[ext_resource type="Animation" uid="uid://pxu8vruwxnrp" path="res://resources/animations/player/sword_and_shield_idle_(4).res" id="32_08sk3"]
[ext_resource type="Animation" uid="uid://ba1b3msr1ym4l" path="res://resources/animations/player/sword_and_shield_impact.res" id="33_5sxnn"]
[ext_resource type="Animation" uid="uid://c1l7kfrc5iw5g" path="res://resources/animations/player/sword_and_shield_impact_(2).res" id="34_blbbp"]
[ext_resource type="Animation" uid="uid://mkg0dgrqrq8w" path="res://resources/animations/player/sword_and_shield_impact_(3).res" id="35_oivl6"]
[ext_resource type="Animation" uid="uid://csl8bdawwurhl" path="res://resources/animations/player/sword_and_shield_jump.res" id="36_awcmi"]
[ext_resource type="Animation" uid="uid://bq2224osjocmm" path="res://resources/animations/player/sword_and_shield_jump_(2).res" id="37_47vvx"]
[ext_resource type="Animation" uid="uid://cu1lb3lwke3ho" path="res://resources/animations/player/sword_and_shield_kick.res" id="38_h5poh"]
[ext_resource type="Animation" uid="uid://de5l022qa21fk" path="res://resources/animations/player/sword_and_shield_power_up.res" id="39_p5q00"]
[ext_resource type="Animation" uid="uid://2bjoi4b3nab0" path="res://resources/animations/player/sword_and_shield_run.res" id="40_ko1i6"]
[ext_resource type="Animation" uid="uid://b5ejx26nsfqbp" path="res://resources/animations/player/sword_and_shield_run_(2).res" id="41_rolav"]
[ext_resource type="Animation" uid="uid://lutgxf14enon" path="res://resources/animations/player/sword_and_shield_slash.res" id="42_s7005"]
[ext_resource type="Animation" uid="uid://dyi4da4udtm7j" path="res://resources/animations/player/sword_and_shield_slash_(2).res" id="43_nx6dy"]
[ext_resource type="Animation" uid="uid://bilhudyik6juu" path="res://resources/animations/player/sword_and_shield_slash_(3).res" id="44_vb0ta"]
[ext_resource type="Animation" uid="uid://7u5qgl4ajr73" path="res://resources/animations/player/sword_and_shield_slash_(4).res" id="45_23mjk"]
[ext_resource type="Animation" uid="uid://bdd3y327upnfe" path="res://resources/animations/player/sword_and_shield_slash_(5).res" id="46_mgtra"]
[ext_resource type="Animation" uid="uid://c8d8yaiobvdr6" path="res://resources/animations/player/sword_and_shield_strafe.res" id="47_h22ai"]
[ext_resource type="Animation" uid="uid://c8ym0q2sb8acp" path="res://resources/animations/player/sword_and_shield_strafe_(2).res" id="48_dwrtc"]
[ext_resource type="Animation" uid="uid://cdvxl0xxitfm7" path="res://resources/animations/player/sword_and_shield_strafe_(3).res" id="49_c47ef"]
[ext_resource type="Animation" uid="uid://dwnfld1hbnmhc" path="res://resources/animations/player/sword_and_shield_strafe_(4).res" id="50_o2t1x"]
[ext_resource type="Animation" uid="uid://b3iyndftw1jgr" path="res://resources/animations/player/sword_and_shield_turn.res" id="51_3gobx"]
[ext_resource type="Animation" uid="uid://e5m1jmwp5b4k" path="res://resources/animations/player/sword_and_shield_turn_(2).res" id="52_t0682"]
[ext_resource type="Animation" uid="uid://ps2nf2sfrh7e" path="res://resources/animations/player/sword_and_shield_walk.res" id="53_jg4u8"]
[ext_resource type="Animation" uid="uid://70faocxw3j3a" path="res://resources/animations/player/sword_and_shield_walk_(2).res" id="54_ghpkq"]
[ext_resource type="Animation" uid="uid://b4mdggqi0nemm" path="res://resources/animations/player/RESET.res" id="55_rrv0u"]
[ext_resource type="Script" uid="uid://dy0h08l1jbwow" path="res://scripts/components/hurtbox.gd" id="56_51wi4"]
[ext_resource type="Script" uid="uid://cy5434uldqvld" path="res://scripts/components/hitbox.gd" id="57_s6f4w"]

[sub_resource type="CapsuleShape3D" id="CapsuleShape3D_y66qv"]
radius = 0.25
height = 1.6

[sub_resource type="StyleBoxFlat" id="StyleBoxFlat_2rga7"]
bg_color = Color(0.337255, 0.337255, 0.337255, 0.517647)

[sub_resource type="StyleBoxFlat" id="StyleBoxFlat_y66qv"]
bg_color = Color(0, 1, 0, 1)

[sub_resource type="StyleBoxFlat" id="StyleBoxFlat_oq5wi"]
bg_color = Color(0.207273, 0.207273, 0.207273, 0.333333)

[sub_resource type="StyleBoxFlat" id="StyleBoxFlat_i4jjh"]
bg_color = Color(1, 0, 0, 1)

[sub_resource type="Skin" id="Skin_w20li"]
resource_name = "Skin"
bind_count = 41
bind/0/name = &"Hips"
bind/0/bone = -1
bind/0/pose = Transform3D(1, 0, 0, 0, 1, -2.38419e-07, 0, 7.30466e-08, 1, 0, -0.857344, 0.0148504)
bind/1/name = &"Spine"
bind/1/bone = -1
bind/1/pose = Transform3D(1, 0, 0, 0, 0.995116, -0.0987125, 0, 0.0987124, 0.995116, 0, -0.939708, -0.0698525)
bind/2/name = &"Spine1"
bind/2/bone = -1
bind/2/pose = Transform3D(1, 0, 0, 0, 0.995116, -0.0987125, 0, 0.0987124, 0.995116, 0, -1.03897, -0.0698525)
bind/3/name = &"Spine2"
bind/3/bone = -1
bind/3/pose = Transform3D(1, 0, 0, 0, 0.995116, -0.0987125, 0, 0.0987124, 0.995116, 0, -1.15242, -0.0698525)
bind/4/name = &"Neck"
bind/4/bone = -1
bind/4/pose = Transform3D(1, 0, 0, 0, 1, -2.6077e-07, 0, 1.04308e-07, 1, 0, -1.28069, 0.0568452)
bind/5/name = &"Head"
bind/5/bone = -1
bind/5/pose = Transform3D(1, 0, 0, 0, 1, -2.26018e-07, 0, 6.95557e-08, 1, 0, -1.35956, 0.0438476)
bind/6/name = &"HeadTop_End"
bind/6/bone = -1
bind/6/pose = Transform3D(1, 0, 0, 0, 1, -2.39919e-07, 0, 8.34567e-08, 1, 0, -1.62398, 0.00027038)
bind/7/name = &"Shoulder.L"
bind/7/bone = -1
bind/7/pose = Transform3D(-0.00564787, -0.103312, -0.994633, 0.997898, -0.0647983, 0.00106416, -0.0645605, -0.992536, 0.103461, 0.0744391, 0.0308829, 1.26413)
bind/8/name = &"Arm.L"
bind/8/bone = -1
bind/8/pose = Transform3D(-0.0303536, 0.0718533, -0.996953, 0.999527, 0.00704957, -0.0299239, 0.00487794, -0.99739, -0.0720331, -0.141586, -0.181357, 1.24842)
bind/9/name = &"ForeArm.L"
bind/9/bone = -1
bind/9/pose = Transform3D(0.172303, -0.139103, -0.975173, 0.984352, 0.0614003, 0.165167, 0.0369007, -0.988373, 0.147506, 0.0472786, -0.445297, 1.23861)
bind/10/name = &"Hand.L"
bind/10/bone = -1
bind/10/pose = Transform3D(0.267338, 0.342335, -0.900743, 0.92732, -0.345491, 0.143919, -0.26193, -0.873752, -0.409817, -0.615958, -0.0864178, 1.24608)
bind/11/name = &"HandThumb1.L"
bind/11/bone = -1
bind/11/pose = Transform3D(0.450714, -0.0549469, -0.890976, 0.766838, -0.487104, 0.417957, -0.456963, -0.871614, -0.177409, -0.21327, 0.140693, 1.36085)
bind/12/name = &"HandThumb2.L"
bind/12/bone = -1
bind/12/pose = Transform3D(0.449503, 0.040511, -0.89236, 0.731009, -0.59082, 0.341405, -0.513394, -0.805786, -0.295189, -0.326946, 0.24883, 1.31703)
bind/13/name = &"HandThumb3.L"
bind/13/bone = -1
bind/13/pose = Transform3D(0.448089, 0.0154701, -0.893855, 0.741635, -0.564737, 0.362007, -0.499193, -0.825126, -0.264525, -0.292423, 0.190294, 1.3292)
bind/14/name = &"HandThumb4.L"
bind/14/bone = -1
bind/14/pose = Transform3D(0.448086, 0.0154719, -0.893856, 0.741643, -0.564727, 0.362007, -0.499184, -0.825133, -0.264521, -0.297882, 0.181606, 1.33144)
bind/15/name = &"HandIndex1.L"
bind/15/bone = -1
bind/15/pose = Transform3D(0.271745, 0.213074, -0.938485, 0.956254, 0.0499777, 0.288237, 0.108319, -0.975757, -0.190172, -0.459301, -0.671676, 1.13772)
bind/16/name = &"HandIndex2.L"
bind/16/bone = -1
bind/16/pose = Transform3D(0.219362, 0.487069, -0.845366, 0.92276, -0.384971, 0.0176391, -0.31685, -0.783939, -0.533896, -0.767022, -0.140341, 1.18016)
bind/17/name = &"HandIndex3.L"
bind/17/bone = -1
bind/17/pose = Transform3D(0.2113, 0.347406, -0.913598, 0.972301, -0.17026, 0.160133, -0.0999182, -0.922128, -0.373759, -0.586529, -0.454527, 1.20424)
bind/18/name = &"HandIndex4.L"
bind/18/bone = -1
bind/18/pose = Transform3D(0.211299, 0.347407, -0.913598, 0.972301, -0.170259, 0.160132, -0.0999175, -0.922128, -0.37376, -0.586143, -0.466985, 1.20417)
bind/19/name = &"Shoulder.R"
bind/19/bone = -1
bind/19/pose = Transform3D(-0.00459163, 0.103381, 0.994631, -0.997896, -0.0647982, 0.00212829, 0.0646704, -0.992529, 0.103461, -0.0743448, 0.0309436, 1.26414)
bind/20/name = &"Arm.R"
bind/20/bone = -1
bind/20/pose = Transform3D(-0.0303536, -0.0718533, 0.996953, -0.999527, 0.00704956, -0.0299239, -0.00487793, -0.99739, -0.0720331, 0.141586, -0.181357, 1.24842)
bind/21/name = &"ForeArm.R"
bind/21/bone = -1
bind/21/pose = Transform3D(0.172303, 0.139103, 0.975173, -0.984352, 0.0614003, 0.165167, -0.0369007, -0.988373, 0.147506, -0.0472786, -0.445297, 1.23861)
bind/22/name = &"Hand.R"
bind/22/bone = -1
bind/22/pose = Transform3D(0.267338, -0.342335, 0.900743, -0.92732, -0.345491, 0.143919, 0.26193, -0.873752, -0.409817, 0.615958, -0.0864176, 1.24608)
bind/23/name = &"HandThumb1.R"
bind/23/bone = -1
bind/23/pose = Transform3D(0.450714, 0.054947, 0.890976, -0.766838, -0.487104, 0.417957, 0.456964, -0.871614, -0.177409, 0.213269, 0.140693, 1.36086)
bind/24/name = &"HandThumb2.R"
bind/24/bone = -1
bind/24/pose = Transform3D(0.449503, -0.040511, 0.89236, -0.731009, -0.59082, 0.341405, 0.513393, -0.805786, -0.295189, 0.326946, 0.24883, 1.31703)
bind/25/name = &"HandThumb3.R"
bind/25/bone = -1
bind/25/pose = Transform3D(0.448089, -0.0154701, 0.893855, -0.741635, -0.564737, 0.362007, 0.499193, -0.825126, -0.264526, 0.292423, 0.190294, 1.3292)
bind/26/name = &"HandThumb4.R"
bind/26/bone = -1
bind/26/pose = Transform3D(0.448086, -0.0154719, 0.893856, -0.741642, -0.564727, 0.362007, 0.499184, -0.825133, -0.264521, 0.297882, 0.181607, 1.33144)
bind/27/name = &"HandIndex1.R"
bind/27/bone = -1
bind/27/pose = Transform3D(0.271745, -0.213074, 0.938485, -0.956254, 0.0499777, 0.288237, -0.108319, -0.975757, -0.190172, 0.459301, -0.671676, 1.13772)
bind/28/name = &"HandIndex2.R"
bind/28/bone = -1
bind/28/pose = Transform3D(0.219362, -0.487069, 0.845366, -0.92276, -0.384971, 0.0176389, 0.31685, -0.783939, -0.533896, 0.767021, -0.140341, 1.18016)
bind/29/name = &"HandIndex3.R"
bind/29/bone = -1
bind/29/pose = Transform3D(0.2113, -0.347406, 0.913598, -0.972301, -0.17026, 0.160133, 0.0999183, -0.922128, -0.373759, 0.586529, -0.454527, 1.20424)
bind/30/name = &"HandIndex4.R"
bind/30/bone = -1
bind/30/pose = Transform3D(0.211299, -0.347407, 0.913598, -0.972301, -0.170259, 0.160132, 0.0999176, -0.922128, -0.37376, 0.586143, -0.466984, 1.20417)
bind/31/name = &"UpLeg.L"
bind/31/bone = -1
bind/31/pose = Transform3D(-0.999985, -0.00546047, -0.000263771, 0.00546678, -0.999029, -0.0437096, -2.50723e-05, -0.0437104, 0.999043, 0.104342, 0.808214, 0.0534718)
bind/32/name = &"Leg.L"
bind/32/bone = -1
bind/32/pose = Transform3D(-0.999144, -0.0413582, 0.000437995, 0.0412438, -0.997063, -0.0645339, 0.00310549, -0.0644607, 0.997914, 0.119013, 0.402689, 0.0616279)
bind/33/name = &"Foot.L"
bind/33/bone = -1
bind/33/pose = Transform3D(-0.989053, -0.116395, -0.0906934, -0.0156469, -0.528438, 0.848827, -0.146726, 0.840955, 0.520831, 0.118282, 0.0902424, -0.016559)
bind/34/name = &"ToeBase.L"
bind/34/bone = -1
bind/34/pose = Transform3D(-0.998215, 0.0143337, 0.057978, 0.0579381, -0.00316926, 0.998314, 0.0144932, 0.999892, 0.00233305, 0.109387, -0.0769414, 0.00231564)
bind/35/name = &"Toe_End.L"
bind/35/bone = -1
bind/35/pose = Transform3D(-0.998215, 0.0143374, 0.0579781, 0.0579382, -0.00316737, 0.998314, 0.0144969, 0.999892, 0.00233095, 0.109387, -0.140003, 0.00231549)
bind/36/name = &"UpLeg.R"
bind/36/bone = -1
bind/36/pose = Transform3D(-0.999985, 0.00546047, 0.000263771, -0.00546678, -0.999029, -0.0437096, 2.50723e-05, -0.0437104, 0.999043, -0.104342, 0.808214, 0.0534718)
bind/37/name = &"Leg.R"
bind/37/bone = -1
bind/37/pose = Transform3D(-0.999144, 0.0413582, -0.000437995, -0.0412438, -0.997063, -0.0645339, -0.00310549, -0.0644607, 0.997914, -0.119013, 0.402689, 0.0616279)
bind/38/name = &"Foot.R"
bind/38/bone = -1
bind/38/pose = Transform3D(-0.989053, 0.116395, 0.0906934, 0.0156469, -0.528438, 0.848827, 0.146726, 0.840955, 0.520831, -0.118282, 0.0902424, -0.016559)
bind/39/name = &"ToeBase.R"
bind/39/bone = -1
bind/39/pose = Transform3D(-0.998215, -0.0143337, -0.057978, -0.0579381, -0.00316926, 0.998314, -0.0144932, 0.999892, 0.00233305, -0.109387, -0.0769414, 0.00231564)
bind/40/name = &"Toe_End.R"
bind/40/bone = -1
bind/40/pose = Transform3D(-0.998215, -0.0143374, -0.0579781, -0.0579382, -0.00316737, 0.998314, -0.0144969, 0.999892, 0.00233095, -0.109387, -0.140003, 0.00231549)

[sub_resource type="CylinderMesh" id="CylinderMesh_ij1f2"]
top_radius = 0.01
bottom_radius = 0.01
height = 1.0
radial_segments = 4

[sub_resource type="AnimationLibrary" id="AnimationLibrary_6oul2"]
_data = {
&"RESET": ExtResource("55_rrv0u"),
&"draw_sword_1": ExtResource("4_51wi4"),
&"draw_sword_2": ExtResource("5_s6f4w"),
&"sheath_sword_1": ExtResource("6_o76ip"),
&"sheath_sword_2": ExtResource("7_20nuj"),
&"sword_and_shield_180_turn": ExtResource("8_p7no3"),
&"sword_and_shield_180_turn_(2)": ExtResource("9_vtbyy"),
&"sword_and_shield_attack": ExtResource("10_g2xv3"),
&"sword_and_shield_attack_(2)": ExtResource("11_y10ef"),
&"sword_and_shield_attack_(3)": ExtResource("12_imvif"),
&"sword_and_shield_attack_(4)": ExtResource("13_ox44m"),
&"sword_and_shield_block": ExtResource("14_x6mkp"),
&"sword_and_shield_block_(2)": ExtResource("15_drxgr"),
&"sword_and_shield_block_idle": ExtResource("16_bq41c"),
&"sword_and_shield_casting": ExtResource("17_6ifek"),
&"sword_and_shield_casting_(2)": ExtResource("18_0548x"),
&"sword_and_shield_crouch": ExtResource("19_idq82"),
&"sword_and_shield_crouch_block": ExtResource("20_f0cx3"),
&"sword_and_shield_crouch_block_(2)": ExtResource("21_n0sfr"),
&"sword_and_shield_crouch_block_idle": ExtResource("22_vb2x8"),
&"sword_and_shield_crouch_idle": ExtResource("23_15be8"),
&"sword_and_shield_crouching": ExtResource("24_ytmai"),
&"sword_and_shield_crouching_(2)": ExtResource("25_ri37b"),
&"sword_and_shield_crouching_(3)": ExtResource("26_08b3r"),
&"sword_and_shield_death": ExtResource("27_218qk"),
&"sword_and_shield_death_(2)": ExtResource("28_twa7k"),
&"sword_and_shield_idle": ExtResource("29_8vqjb"),
&"sword_and_shield_idle_(2)": ExtResource("30_akuxx"),
&"sword_and_shield_idle_(3)": ExtResource("31_r22n1"),
&"sword_and_shield_idle_(4)": ExtResource("32_08sk3"),
&"sword_and_shield_impact": ExtResource("33_5sxnn"),
&"sword_and_shield_impact_(2)": ExtResource("34_blbbp"),
&"sword_and_shield_impact_(3)": ExtResource("35_oivl6"),
&"sword_and_shield_jump": ExtResource("36_awcmi"),
&"sword_and_shield_jump_(2)": ExtResource("37_47vvx"),
&"sword_and_shield_kick": ExtResource("38_h5poh"),
&"sword_and_shield_power_up": ExtResource("39_p5q00"),
&"sword_and_shield_run": ExtResource("40_ko1i6"),
&"sword_and_shield_run_(2)": ExtResource("41_rolav"),
&"sword_and_shield_slash": ExtResource("42_s7005"),
&"sword_and_shield_slash_(2)": ExtResource("43_nx6dy"),
&"sword_and_shield_slash_(3)": ExtResource("44_vb0ta"),
&"sword_and_shield_slash_(4)": ExtResource("45_23mjk"),
&"sword_and_shield_slash_(5)": ExtResource("46_mgtra"),
&"sword_and_shield_strafe": ExtResource("47_h22ai"),
&"sword_and_shield_strafe_(2)": ExtResource("48_dwrtc"),
&"sword_and_shield_strafe_(3)": ExtResource("49_c47ef"),
&"sword_and_shield_strafe_(4)": ExtResource("50_o2t1x"),
&"sword_and_shield_turn": ExtResource("51_3gobx"),
&"sword_and_shield_turn_(2)": ExtResource("52_t0682"),
&"sword_and_shield_walk": ExtResource("53_jg4u8"),
&"sword_and_shield_walk_(2)": ExtResource("54_ghpkq")
}

[sub_resource type="CapsuleShape3D" id="CapsuleShape3D_o76ip"]
radius = 0.246139
height = 1.09964

[sub_resource type="CapsuleShape3D" id="CapsuleShape3D_20nuj"]
radius = 0.234369
height = 1.11242

[sub_resource type="AnimationNodeAnimation" id="AnimationNodeAnimation_51wi4"]
animation = &"sword_and_shield_attack_(2)"

[sub_resource type="AnimationNodeAnimation" id="AnimationNodeAnimation_s6f4w"]
animation = &"sword_and_shield_attack_(3)"

[sub_resource type="AnimationNodeAnimation" id="AnimationNodeAnimation_o76ip"]
animation = &"sword_and_shield_slash_(3)"

[sub_resource type="AnimationNodeAnimation" id="AnimationNodeAnimation_20nuj"]
animation = &"sword_and_shield_death"

[sub_resource type="AnimationNodeAnimation" id="AnimationNodeAnimation_p7no3"]
animation = &"sword_and_shield_death_(2)"

[sub_resource type="AnimationNodeAnimation" id="AnimationNodeAnimation_vtbyy"]
animation = &"sword_and_shield_block_(2)"

[sub_resource type="AnimationNodeAnimation" id="AnimationNodeAnimation_g2xv3"]
animation = &"sword_and_shield_block_idle"

[sub_resource type="AnimationNodeAnimation" id="AnimationNodeAnimation_ox44m"]
animation = &"sword_and_shield_impact"

[sub_resource type="AnimationNodeAnimation" id="AnimationNodeAnimation_imvif"]
animation = &"sword_and_shield_impact_(2)"

[sub_resource type="AnimationNodeAnimation" id="AnimationNodeAnimation_y10ef"]
animation = &"sword_and_shield_impact_(3)"

[sub_resource type="AnimationNodeAnimation" id="AnimationNodeAnimation_x6mkp"]
animation = &"sword_and_shield_attack"

[sub_resource type="AnimationNodeAnimation" id="AnimationNodeAnimation_drxgr"]
animation = &"sword_and_shield_idle_(4)"

[sub_resource type="AnimationNodeAnimation" id="AnimationNodeAnimation_bq41c"]
animation = &"sword_and_shield_strafe_(3)"

[sub_resource type="AnimationNodeAnimation" id="AnimationNodeAnimation_6ifek"]
animation = &"sword_and_shield_strafe_(4)"

[sub_resource type="AnimationNodeAnimation" id="AnimationNodeAnimation_0548x"]
animation = &"sword_and_shield_run_(2)"

[sub_resource type="AnimationNodeAnimation" id="AnimationNodeAnimation_idq82"]
animation = &"sword_and_shield_run"

[sub_resource type="AnimationNodeBlendSpace2D" id="AnimationNodeBlendSpace2D_f0cx3"]
blend_point_0/node = SubResource("AnimationNodeAnimation_drxgr")
blend_point_0/pos = Vector2(0, 0)
blend_point_1/node = SubResource("AnimationNodeAnimation_bq41c")
blend_point_1/pos = Vector2(-1, 0)
blend_point_2/node = SubResource("AnimationNodeAnimation_6ifek")
blend_point_2/pos = Vector2(1, 0)
blend_point_3/node = SubResource("AnimationNodeAnimation_0548x")
blend_point_3/pos = Vector2(0, 1)
blend_point_4/node = SubResource("AnimationNodeAnimation_idq82")
blend_point_4/pos = Vector2(0, -1)

[sub_resource type="AnimationNodeAnimation" id="AnimationNodeAnimation_n0sfr"]
animation = &"sword_and_shield_slash"

[sub_resource type="AnimationNodeAnimation" id="AnimationNodeAnimation_vb2x8"]
animation = &"sword_and_shield_block"

[sub_resource type="AnimationNodeStateMachineTransition" id="AnimationNodeStateMachineTransition_15be8"]
advance_mode = 2

[sub_resource type="AnimationNodeStateMachineTransition" id="AnimationNodeStateMachineTransition_ri37b"]
advance_mode = 2
advance_condition = &"hit_heavy"

[sub_resource type="AnimationNodeStateMachineTransition" id="AnimationNodeStateMachineTransition_08b3r"]
switch_mode = 2
advance_mode = 2
advance_condition = &"dead"

[sub_resource type="AnimationNodeStateMachineTransition" id="AnimationNodeStateMachineTransition_twa7k"]
switch_mode = 2
advance_mode = 2

[sub_resource type="AnimationNodeStateMachineTransition" id="AnimationNodeStateMachineTransition_8vqjb"]
switch_mode = 2
advance_mode = 2

[sub_resource type="AnimationNodeStateMachineTransition" id="AnimationNodeStateMachineTransition_akuxx"]
advance_mode = 2
advance_condition = &"is_blocking"

[sub_resource type="AnimationNodeStateMachineTransition" id="AnimationNodeStateMachineTransition_r22n1"]
switch_mode = 2
advance_mode = 2

[sub_resource type="AnimationNodeStateMachineTransition" id="AnimationNodeStateMachineTransition_awcmi"]
advance_mode = 2
advance_expression = "attack()"

[sub_resource type="AnimationNodeStateMachineTransition" id="AnimationNodeStateMachineTransition_47vvx"]
switch_mode = 2
advance_mode = 2
advance_expression = "combo"

[sub_resource type="AnimationNodeStateMachineTransition" id="AnimationNodeStateMachineTransition_h5poh"]
switch_mode = 2
advance_mode = 2

[sub_resource type="AnimationNodeStateMachineTransition" id="AnimationNodeStateMachineTransition_p5q00"]
switch_mode = 2
advance_mode = 2
advance_expression = "combo"

[sub_resource type="AnimationNodeStateMachineTransition" id="AnimationNodeStateMachineTransition_ko1i6"]
switch_mode = 2
advance_mode = 2
advance_expression = "combo"

[sub_resource type="AnimationNodeStateMachineTransition" id="AnimationNodeStateMachineTransition_rolav"]
switch_mode = 2
advance_mode = 2
advance_expression = "combo"

[sub_resource type="AnimationNodeStateMachineTransition" id="AnimationNodeStateMachineTransition_s7005"]
switch_mode = 2
advance_mode = 2

[sub_resource type="AnimationNodeStateMachineTransition" id="AnimationNodeStateMachineTransition_nx6dy"]
switch_mode = 2
advance_mode = 2

[sub_resource type="AnimationNodeStateMachineTransition" id="AnimationNodeStateMachineTransition_vb0ta"]
switch_mode = 2
advance_mode = 2

[sub_resource type="AnimationNodeStateMachineTransition" id="AnimationNodeStateMachineTransition_y10ef"]
switch_mode = 2
advance_mode = 2

[sub_resource type="AnimationNodeStateMachineTransition" id="AnimationNodeStateMachineTransition_imvif"]
advance_mode = 2
advance_condition = &"not_blocking"

[sub_resource type="AnimationNodeStateMachineTransition" id="AnimationNodeStateMachineTransition_ox44m"]
advance_mode = 2
advance_condition = &"hit"

[sub_resource type="AnimationNodeStateMachineTransition" id="AnimationNodeStateMachineTransition_x6mkp"]
switch_mode = 2
advance_mode = 2

[sub_resource type="AnimationNodeStateMachineTransition" id="AnimationNodeStateMachineTransition_drxgr"]
advance_mode = 2
advance_condition = &"hit"

[sub_resource type="AnimationNodeStateMachineTransition" id="AnimationNodeStateMachineTransition_bq41c"]
switch_mode = 2
advance_mode = 2
advance_condition = &"dead"

[sub_resource type="AnimationNodeStateMachineTransition" id="AnimationNodeStateMachineTransition_6ifek"]
switch_mode = 2
advance_mode = 2
advance_condition = &"slash"

[sub_resource type="AnimationNodeStateMachine" id="AnimationNodeStateMachine_23mjk"]
states/360_high_slash/node = SubResource("AnimationNodeAnimation_51wi4")
states/360_high_slash/position = Vector2(762, 94)
states/360_low_slash/node = SubResource("AnimationNodeAnimation_s6f4w")
states/360_low_slash/position = Vector2(762, 197)
states/End/position = Vector2(413, 412)
states/Start/position = Vector2(205, 94)
states/backhand_slash/node = SubResource("AnimationNodeAnimation_o76ip")
states/backhand_slash/position = Vector2(762, -6)
states/death_backward/node = SubResource("AnimationNodeAnimation_20nuj")
states/death_backward/position = Vector2(508, 303)
states/death_forward/node = SubResource("AnimationNodeAnimation_p7no3")
states/death_forward/position = Vector2(342, 303)
states/end_block/node = SubResource("AnimationNodeAnimation_vtbyy")
states/end_block/position = Vector2(508, -38)
states/idle_block/node = SubResource("AnimationNodeAnimation_g2xv3")
states/idle_block/position = Vector2(413, -167)
states/impact_block/node = SubResource("AnimationNodeAnimation_ox44m")
states/impact_block/position = Vector2(413, -254)
states/impact_heavy/node = SubResource("AnimationNodeAnimation_imvif")
states/impact_heavy/position = Vector2(508, 209)
states/impact_light/node = SubResource("AnimationNodeAnimation_y10ef")
states/impact_light/position = Vector2(342, 209)
states/jump_attack/node = SubResource("AnimationNodeAnimation_x6mkp")
states/jump_attack/position = Vector2(762, 303)
states/movement/node = SubResource("AnimationNodeBlendSpace2D_f0cx3")
states/movement/position = Vector2(413, 94)
states/slash/node = SubResource("AnimationNodeAnimation_n0sfr")
states/slash/position = Vector2(762, -122)
states/start_block/node = SubResource("AnimationNodeAnimation_vb2x8")
states/start_block/position = Vector2(342, -38)
transitions = ["Start", "movement", SubResource("AnimationNodeStateMachineTransition_15be8"), "movement", "impact_heavy", SubResource("AnimationNodeStateMachineTransition_ri37b"), "impact_heavy", "death_backward", SubResource("AnimationNodeStateMachineTransition_08b3r"), "death_forward", "End", SubResource("AnimationNodeStateMachineTransition_twa7k"), "death_backward", "End", SubResource("AnimationNodeStateMachineTransition_8vqjb"), "movement", "start_block", SubResource("AnimationNodeStateMachineTransition_akuxx"), "end_block", "movement", SubResource("AnimationNodeStateMachineTransition_r22n1"), "movement", "slash", SubResource("AnimationNodeStateMachineTransition_awcmi"), "slash", "backhand_slash", SubResource("AnimationNodeStateMachineTransition_47vvx"), "backhand_slash", "movement", SubResource("AnimationNodeStateMachineTransition_h5poh"), "backhand_slash", "360_high_slash", SubResource("AnimationNodeStateMachineTransition_p5q00"), "360_high_slash", "360_low_slash", SubResource("AnimationNodeStateMachineTransition_ko1i6"), "360_low_slash", "jump_attack", SubResource("AnimationNodeStateMachineTransition_rolav"), "360_high_slash", "movement", SubResource("AnimationNodeStateMachineTransition_s7005"), "360_low_slash", "movement", SubResource("AnimationNodeStateMachineTransition_nx6dy"), "jump_attack", "movement", SubResource("AnimationNodeStateMachineTransition_vb0ta"), "start_block", "idle_block", SubResource("AnimationNodeStateMachineTransition_y10ef"), "idle_block", "end_block", SubResource("AnimationNodeStateMachineTransition_imvif"), "idle_block", "impact_block", SubResource("AnimationNodeStateMachineTransition_ox44m"), "impact_block", "idle_block", SubResource("AnimationNodeStateMachineTransition_x6mkp"), "movement", "impact_light", SubResource("AnimationNodeStateMachineTransition_drxgr"), "impact_light", "death_forward", SubResource("AnimationNodeStateMachineTransition_bq41c"), "slash", "movement", SubResource("AnimationNodeStateMachineTransition_6ifek")]
graph_offset = Vector2(-10, -246)

[node name="Player" type="CharacterBody3D" groups=["Player"]]
script = ExtResource("1_2rga7")

[node name="ControllerCollider" type="CollisionShape3D" parent="."]
transform = Transform3D(1, 0, 0, 0, 1, 0, 0, 0, 1, 0, 0.8, 0)
shape = SubResource("CapsuleShape3D_y66qv")
debug_fill = false

[node name="CameraMount" type="Node3D" parent="."]
transform = Transform3D(1, 0, 0, 0, 0.965926, 0.258819, 0, -0.258819, 0.965926, 1, 1.5, 0)

[node name="CameraArm" type="SpringArm3D" parent="CameraMount"]
spring_length = 2.0

[node name="Camera3D" type="Camera3D" parent="CameraMount/CameraArm"]
transform = Transform3D(1, 0, 0, 0, 1, 0, 0, 0, 1, 0, 0, 2)

[node name="UI" type="Control" parent="."]
layout_mode = 3
anchors_preset = 15
anchor_right = 1.0
anchor_bottom = 1.0
grow_horizontal = 2
grow_vertical = 2

[node name="VBoxContainer" type="VBoxContainer" parent="UI"]
layout_mode = 1
anchors_preset = -1
anchor_left = 0.35
anchor_top = 0.9
anchor_right = 0.65
anchor_bottom = 0.95
grow_horizontal = 2
grow_vertical = 2
size_flags_horizontal = 4
size_flags_vertical = 8
mouse_filter = 2
alignment = 1

[node name="StaminaBar" type="ProgressBar" parent="UI/VBoxContainer"]
layout_mode = 2
size_flags_vertical = 3
theme_override_styles/background = SubResource("StyleBoxFlat_2rga7")
theme_override_styles/fill = SubResource("StyleBoxFlat_y66qv")
value = 100.0
show_percentage = false

[node name="HealthBar" type="ProgressBar" parent="UI/VBoxContainer"]
custom_minimum_size = Vector2(200, 10)
layout_mode = 2
size_flags_vertical = 3
size_flags_stretch_ratio = 2.0
theme_override_styles/background = SubResource("StyleBoxFlat_oq5wi")
theme_override_styles/fill = SubResource("StyleBoxFlat_i4jjh")
value = 100.0
show_percentage = false

[node name="Skeleton3D" type="Skeleton3D" parent="."]
transform = Transform3D(-1, 0, 8.74228e-08, 0, 1, 0, -8.74228e-08, 0, -1, 0, 0, 0)
bones/0/name = "Armature"
bones/0/parent = -1
bones/0/rest = Transform3D(1, 0, 0, 0, 1, 0, 0, 0, 1, 0, 0, 0)
bones/0/enabled = true
bones/0/position = Vector3(0, 0, 0)
bones/0/rotation = Quaternion(0, 0, 0, 1)
bones/0/scale = Vector3(1, 1, 1)
bones/1/name = "Hips"
bones/1/parent = 0
bones/1/rest = Transform3D(1, 0, 0, 0, 1, 1.55733e-07, 0, -1.55733e-07, 1, 0, 0.857344, -0.0148505)
bones/1/enabled = true
bones/1/position = Vector3(0, 0.857344, -0.0148505)
bones/1/rotation = Quaternion(-7.78663e-08, 0, 0, 1)
bones/1/scale = Vector3(1, 1, 1)
bones/2/name = "Spine"
bones/2/parent = 1
bones/2/rest = Transform3D(1, 0, 0, 0, 0.995116, 0.0987123, 0, -0.0987123, 0.995116, 0, 0.0846698, -0.00839896)
bones/2/enabled = true
bones/2/position = Vector3(0, 0.0846698, -0.00839896)
bones/2/rotation = Quaternion(-0.0494165, 0, 0, 0.998778)
bones/2/scale = Vector3(1, 1, 1)
bones/3/name = "Spine1"
bones/3/parent = 2
bones/3/rest = Transform3D(1, 0, 0, 0, 1, 1.49012e-08, 0, -1.49012e-08, 1, 0, 0.0992662, 3.72529e-09)
bones/3/enabled = true
bones/3/position = Vector3(0, 0.0992662, 3.72529e-09)
bones/3/rotation = Quaternion(-7.45058e-09, 0, 0, 1)
bones/3/scale = Vector3(1, 1, 1)
bones/4/name = "Spine2"
bones/4/parent = 3
bones/4/rest = Transform3D(1, 0, 0, 0, 1, -1.49012e-08, 0, 1.49012e-08, 1, 0, 0.113447, 0)
bones/4/enabled = true
bones/4/position = Vector3(0, 0.113447, 0)
bones/4/rotation = Quaternion(7.45058e-09, 0, 0, 1)
bones/4/scale = Vector3(1, 1, 1)
bones/5/name = "Neck"
bones/5/parent = 4
bones/5/rest = Transform3D(1, 0, 0, 0, 0.995116, -0.0987123, 0, 0.0987123, 0.995116, 0, 0.127628, -7.45058e-09)
bones/5/enabled = true
bones/5/position = Vector3(0, 0.127628, -7.45058e-09)
bones/5/rotation = Quaternion(0.0494165, 0, 0, 0.998778)
bones/5/scale = Vector3(1, 1, 1)
bones/6/name = "Head"
bones/6/parent = 5
bones/6/rest = Transform3D(1, 0, 0, 0, 1, -3.47524e-08, 0, 3.47524e-08, 1, 0, 0.0788685, 0.0129977)
bones/6/enabled = true
bones/6/position = Vector3(0, 0.0788685, 0.0129977)
bones/6/rotation = Quaternion(1.73762e-08, 0, 0, 1)
bones/6/scale = Vector3(1, 1, 1)
bones/7/name = "HeadTop_End"
bones/7/parent = 6
bones/7/rest = Transform3D(1, 0, 0, 0, 1, 1.3901e-08, 0, -1.3901e-08, 1, 0, 0.264421, 0.0435772)
bones/7/enabled = true
bones/7/position = Vector3(0, 0.264421, 0.0435772)
bones/7/rotation = Quaternion(-6.95049e-09, 0, 0, 1)
bones/7/scale = Vector3(1, 1, 1)
bones/8/name = "Shoulder.L"
bones/8/parent = 4
bones/8/rest = Transform3D(-0.00564802, 0.997898, -0.0645607, -0.0046252, -0.0645871, -0.997901, -0.999974, -0.00533756, 0.00498027, 0.0512153, 0.111395, -0.00154618)
bones/8/enabled = true
bones/8/position = Vector3(0.0512153, 0.111395, -0.00154618)
bones/8/rotation = Quaternion(-0.513312, -0.483756, 0.518463, -0.483411)
bones/8/scale = Vector3(1, 1, 1)
bones/9/name = "Arm.L"
bones/9/parent = 8
bones/9/rest = Transform3D(0.984351, 0.0233898, 0.174662, -0.0360067, 0.996938, 0.0694203, -0.172503, -0.0746229, 0.982178, 1.11177e-08, 0.119921, 3.0268e-08)
bones/9/enabled = true
bones/9/position = Vector3(1.11177e-08, 0.119921, 3.0268e-08)
bones/9/rotation = Quaternion(-0.0361764, 0.0871903, -0.0149174, 0.995423)
bones/9/scale = Vector3(1, 1, 1)
bones/10/name = "ForeArm.L"
bones/10/parent = 9
bones/10/rest = Transform3D(0.956977, -0.19013, -0.219194, 0.200422, 0.979378, 0.0255017, 0.209825, -0.0683359, 0.975348, 1.21072e-08, 0.213694, -1.22236e-07)
bones/10/enabled = true
bones/10/position = Vector3(1.21072e-08, 0.213694, -1.22236e-07)
bones/10/rotation = Quaternion(-0.0237227, -0.108459, 0.0987339, 0.988901)
bones/10/scale = Vector3(1, 1, 1)
bones/11/name = "Hand.L"
bones/11/parent = 10
bones/11/rest = Transform3D(0.876823, 0.0674931, 0.476052, 0.135401, 0.915367, -0.379169, -0.461354, 0.396922, 0.793477, -1.30385e-08, 0.189682, -1.21072e-08)
bones/11/enabled = true
bones/11/position = Vector3(-1.30385e-08, 0.189682, -1.21072e-08)
bones/11/rotation = Quaternion(0.204926, 0.247522, 0.0179311, 0.946793)
bones/11/scale = Vector3(1, 1, 1)
bones/12/name = "HandThumb1.L"
bones/12/parent = 11
bones/12/rest = Transform3D(0.904222, -0.33822, -0.260747, 0.308711, 0.939547, -0.148149, 0.295091, 0.0534642, 0.953972, -0.0206905, 0.0488428, 0.00327056)
bones/12/enabled = true
bones/12/position = Vector3(-0.0206905, 0.0488428, 0.00327056)
bones/12/rotation = Quaternion(0.0517281, -0.142612, 0.165984, 0.97439)
bones/12/scale = Vector3(1, 1, 1)
bones/13/name = "HandThumb2.L"
bones/13/parent = 12
bones/13/rest = Transform3D(0.995442, 0.0577563, 0.0758882, -0.0480052, 0.991049, -0.124565, -0.0824034, 0.120354, 0.989305, -0.00213244, 0.0424504, 0.00102315)
bones/13/enabled = true
bones/13/position = Vector3(-0.00213244, 0.0424504, 0.00102315)
bones/13/rotation = Quaternion(0.0614158, 0.0396932, -0.0265207, 0.99697)
bones/13/scale = Vector3(1, 1, 1)
bones/14/name = "HandThumb3.L"
bones/14/parent = 13
bones/14/rest = Transform3D(0.999684, -0.0125515, -0.0217633, 0.0132505, 0.999391, 0.032276, 0.021345, -0.0325542, 0.999242, -0.00329884, 0.0196257, 0.00127141)
bones/14/enabled = true
bones/14/position = Vector3(-0.00329884, 0.0196257, 0.00127141)
bones/14/rotation = Quaternion(-0.016211, -0.0107793, 0.00645184, 0.99979)
bones/14/scale = Vector3(1, 1, 1)
bones/15/name = "HandThumb4.L"
bones/15/parent = 14
bones/15/rest = Transform3D(1, 3.33693e-06, -8.33334e-08, -3.33693e-06, 1, 1.1988e-05, 8.33734e-08, -1.1988e-05, 1, 0.00545878, 0.00867022, -0.00224019)
bones/15/enabled = true
bones/15/position = Vector3(0.00545878, 0.00867022, -0.00224019)
bones/15/rotation = Quaternion(-5.99399e-06, -4.16767e-08, -1.66846e-06, 1)
bones/15/scale = Vector3(1, 1, 1)
bones/16/name = "HandIndex1.L"
bones/16/parent = 11
bones/16/rest = Transform3D(0.990924, 0.0131241, -0.133782, 0.0433139, 0.91097, 0.410193, 0.127255, -0.412265, 0.902133, 0.000195865, 0.0786678, 0.00123944)
bones/16/enabled = true
bones/16/position = Vector3(0.000195865, 0.0786678, 0.00123944)
bones/16/rotation = Quaternion(-0.210844, -0.066919, 0.00773943, 0.975196)
bones/16/scale = Vector3(1, 1, 1)
bones/17/name = "HandIndex2.L"
bones/17/parent = 16
bones/17/rest = Transform3D(0.956756, 0.152174, 0.247913, -0.00955748, 0.868237, -0.496057, -0.290735, 0.472236, 0.832145, 0.00332918, 0.0282716, -0.00107271)
bones/17/enabled = true
bones/17/position = Vector3(0.00332918, 0.0282716, -0.00107271)
bones/17/rotation = Quaternion(0.253167, 0.140833, -0.0422859, 0.956182)
bones/17/scale = Vector3(1, 1, 1)
bones/18/name = "HandIndex3.L"
bones/18/parent = 17
bones/18/rest = Transform3D(0.987887, -0.00501344, -0.155095, 0.0451226, 0.96557, 0.256199, 0.148471, -0.260094, 0.9541, -0.00310419, 0.0164762, 5.99572e-05)
bones/18/enabled = true
bones/18/position = Vector3(-0.00310419, 0.0164762, 5.99572e-05)
bones/18/rotation = Quaternion(-0.130591, -0.0767839, 0.0126814, 0.988377)
bones/18/scale = Vector3(1, 1, 1)
bones/19/name = "HandIndex4.L"
bones/19/parent = 18
bones/19/rest = Transform3D(1, 1.05798e-06, 1.04122e-06, -1.05798e-06, 1, 5.02914e-07, -1.04122e-06, -5.02915e-07, 1, -0.000387056, 0.0124566, 6.83325e-05)
bones/19/enabled = true
bones/19/position = Vector3(-0.000387056, 0.0124566, 6.83325e-05)
bones/19/rotation = Quaternion(-2.51457e-07, 5.20609e-07, -5.28991e-07, 1)
bones/19/scale = Vector3(1, 1, 1)
bones/20/name = "Shoulder.R"
bones/20/parent = 4
bones/20/rest = Transform3D(-0.0045917, -0.997896, 0.0646704, 0.00469366, -0.0646919, -0.997894, 0.999979, -0.00427849, 0.00498083, -0.0512153, 0.111407, -0.00167317)
bones/20/enabled = true
bones/20/position = Vector3(-0.0512153, 0.111407, -0.00167317)
bones/20/rotation = Quaternion(0.513595, -0.483456, 0.518234, 0.483657)
bones/20/scale = Vector3(1, 1, 1)
bones/21/name = "Arm.R"
bones/21/parent = 20
bones/21/rest = Transform3D(0.984312, -0.024445, -0.174735, 0.0370676, 0.996904, 0.0693435, 0.172499, -0.0747326, 0.98217, -8.73115e-10, 0.119921, -1.49012e-08)
bones/21/enabled = true
bones/21/position = Vector3(-8.73115e-10, 0.119921, -1.49012e-08)
bones/21/rotation = Quaternion(-0.036185, -0.0872087, 0.015449, 0.995413)
bones/21/scale = Vector3(1, 1, 1)
bones/22/name = "ForeArm.R"
bones/22/parent = 21
bones/22/rest = Transform3D(0.956977, 0.19013, 0.219194, -0.200422, 0.979378, 0.0255017, -0.209825, -0.0683359, 0.975348, 6.51926e-09, 0.213694, -3.14321e-09)
bones/22/enabled = true
bones/22/position = Vector3(6.51926e-09, 0.213694, -3.14321e-09)
