[gd_scene load_steps=14 format=3 uid="uid://bjkb67nxft7qk"]

[ext_resource type="ArrayMesh" uid="uid://bmo2l8t68kt8m" path="res://resources/meshes/ChineseWarrior1_Helmet.res" id="1_2u7ml"]
[ext_resource type="Script" uid="uid://b5pp10uxthdca" path="res://scripts/components/actor.gd" id="1_jvy56"]
[ext_resource type="ArrayMesh" uid="uid://d3ggmo5hlvsjx" path="res://resources/meshes/ChineseWarrior1_ShoulderPad_L.res" id="2_jvy56"]
[ext_resource type="ArrayMesh" uid="uid://2a8jq66rgqbp" path="res://resources/meshes/ChineseWarrior1_ShoulderPad_R.res" id="3_yvu5x"]
[ext_resource type="ArrayMesh" uid="uid://vad6xqvoio4j" path="res://resources/meshes/ChineseWarrior1_ThighArmour_L.res" id="4_nftu5"]
[ext_resource type="ArrayMesh" uid="uid://dfs5rdn5g1dl7" path="res://resources/meshes/ChineseWarrior1_ThighArmour_R.res" id="5_mje34"]
[ext_resource type="ArrayMesh" uid="uid://dovi4adai76l7" path="res://resources/meshes/ChineseWarrior1_body.res" id="6_l4ycm"]
[ext_resource type="Script" uid="uid://dy0h08l1jbwow" path="res://scripts/components/hurtbox.gd" id="7_wt1w2"]
[ext_resource type="Script" uid="uid://cy5434uldqvld" path="res://scripts/components/hitbox.gd" id="8_c5q7b"]

[sub_resource type="CapsuleShape3D" id="CapsuleShape3D_syaty"]

[sub_resource type="CapsuleShape3D" id="CapsuleShape3D_d4o7u"]
radius = 0.35
height = 1.7

[sub_resource type="CapsuleShape3D" id="CapsuleShape3D_vtbid"]
radius = 0.260699
height = 1.36878

[sub_resource type="Skin" id="Skin_pgoca"]
resource_name = "Skin"
bind_count = 65
bind/0/name = &"Hips"
bind/0/bone = -1
bind/0/pose = Transform3D(1, 0, 0, 0, 1, -2.01114e-08, 0, -2.01114e-08, 1, 5.08626e-07, -1.06312, -0.026291)
bind/1/name = &"Spine"
bind/1/bone = -1
bind/1/pose = Transform3D(1, 0, 0, 0, 1, 0, 0, -5.96046e-08, 1, 5.08626e-07, -1.16757, -0.0110428)
bind/2/name = &"Chest"
bind/2/bone = -1
bind/2/pose = Transform3D(1, 0, 0, 0, 1, 0, 0, -5.96046e-08, 1, 5.08626e-07, -1.28943, 0.00674666)
bind/3/name = &"UpperChest"
bind/3/bone = -1
bind/3/pose = Transform3D(1, 0, 0, 0, 1, 0, 0, -5.96046e-08, 1, 5.08626e-07, -1.42869, 0.0270775)
bind/4/name = &"Neck"
bind/4/bone = -1
bind/4/pose = Transform3D(1, 0, 0, 0, 1, 0, 0, -5.96046e-08, 1, 5.08626e-07, -1.58536, 0.0499497)
bind/5/name = &"Head"
bind/5/bone = -1
bind/5/pose = Transform3D(1, 0, 0, 0, 1, 0, 0, -5.96046e-08, 1, 5.08626e-07, -1.65627, 0.0172137)
bind/6/name = &"HeadTop_End"
bind/6/bone = -1
bind/6/pose = Transform3D(1, 0, 0, 0, 1, -1.01016e-07, 0, 7.12135e-08, 1, 5.08626e-07, -1.86067, -0.0771446)
bind/7/name = &"LeftShoulder"
bind/7/bone = -1
bind/7/pose = Transform3D(-1.11759e-07, -4.47035e-08, 1, 1, 0, 2.6077e-08, 0, 1, 2.98023e-08, 0.0501266, -0.0763896, -1.56471)
bind/8/name = &"LeftUpperArm"
bind/8/bone = -1
bind/8/pose = Transform3D(1.08499e-07, 7.45058e-08, -1, 1, 3.72529e-09, 2.70084e-08, -3.35276e-08, -1, 1.49012e-08, -0.0504806, -0.227913, 1.52324)
bind/9/name = &"LeftLowerArm"
bind/9/bone = -1
bind/9/pose = Transform3D(-1.86265e-08, -1, 1.49012e-08, 1, 1.49012e-08, 2.14204e-08, -9.87202e-08, -5.96046e-08, 1, 1.51392, -0.484976, 0.0416311)
bind/10/name = &"LeftHand"
bind/10/bone = -1
bind/10/pose = Transform3D(1.05239e-07, 8.9407e-08, -1, 1, 2.23517e-08, 2.18861e-08, 0, -1, -1.49012e-08, -0.0463564, -0.711853, 1.52328)
bind/11/name = &"LeftThumbMetacarpal"
bind/11/bone = -1
bind/11/pose = Transform3D(0, 1, -1.86265e-08, 0.816993, 8.9407e-08, 0.577702, 0.577702, 1.3411e-07, -0.816993, -1.51021, -0.593631, -0.446434)
bind/12/name = &"LeftThumbProximal"
bind/12/bone = -1
bind/12/pose = Transform3D(2.98023e-08, 1, -2.79397e-09, 0.816993, 5.96046e-08, 0.577702, 0.577702, 1.3411e-07, -0.816993, -1.49976, -0.624696, -0.444292)
bind/13/name = &"LeftThumbDistal"
bind/13/bone = -1
bind/13/pose = Transform3D(7.45058e-09, 1, -2.98023e-08, 0.816993, 2.16532e-08, 0.577702, 0.577702, 1.3411e-07, -0.816993, -1.48965, -0.654664, -0.447691)
bind/14/name = &"HandThumb4.L"
bind/14/bone = -1
bind/14/pose = Transform3D(0.419024, -0.1528, -0.895026, 0.90382, -0.0239954, 0.427238, -0.0867586, -0.987966, 0.128049, -0.0996336, -0.707379, 1.53889)
bind/15/name = &"LeftIndexProximal"
bind/15/bone = -1
bind/15/pose = Transform3D(1.02445e-07, 1.04308e-07, -1, 1, -1.49012e-08, 2.98023e-08, 2.98023e-08, -1, -1.49012e-08, -0.00834899, -0.805117, 1.52505)
bind/16/name = &"LeftIndexIntermediate"
bind/16/bone = -1
bind/16/pose = Transform3D(1.08033e-07, 8.19564e-08, -1, 1, 0, 7.45058e-09, 5.96046e-08, -1, -4.47035e-08, -0.00563674, -0.834945, 1.51951)
bind/17/name = &"LeftIndexDistal"
bind/17/bone = -1
bind/17/pose = Transform3D(8.9407e-08, 1.11759e-07, -1, 1, -5.96046e-08, 3.35276e-08, 2.98023e-08, -1, -3.72529e-08, -0.000806391, -0.859422, 1.50429)
bind/18/name = &"HandIndex4.L"
bind/18/bone = -1
bind/18/pose = Transform3D(0.0816088, -0.147531, -0.985685, 0.910047, -0.392229, 0.134053, -0.406391, -0.90796, 0.102251, 0.151059, -0.215468, 1.71518)
bind/19/name = &"HandMiddle1.L"
bind/19/bone = -1
bind/19/pose = Transform3D(-0.0672812, -0.139722, -0.987902, 0.971795, -0.233485, -0.0331619, -0.226027, -0.96227, 0.15149, 0.236615, -0.428338, 1.6518)
bind/20/name = &"HandMiddle2.L"
bind/20/bone = -1
bind/20/pose = Transform3D(-0.0672811, -0.139722, -0.987903, 0.828889, -0.558956, 0.0226031, -0.555352, -0.817341, 0.153421, 0.236368, 0.15442, 1.70769)
bind/21/name = &"HandMiddle3.L"
bind/21/bone = -1
bind/21/pose = Transform3D(-0.0672814, -0.139721, -0.987902, 0.836372, -0.547778, 0.0205121, -0.544017, -0.824874, 0.153715, 0.236507, 0.100624, 1.70921)
bind/22/name = &"HandMiddle4.L"
bind/22/bone = -1
bind/22/pose = Transform3D(-0.067281, -0.139722, -0.987902, 0.836374, -0.547776, 0.0205122, -0.544015, -0.824876, 0.153715, 0.236616, 0.0740763, 1.70921)
bind/23/name = &"HandRing1.L"
bind/23/bone = -1
bind/23/pose = Transform3D(-0.0629987, -0.139991, -0.988147, 0.992949, -0.10841, -0.0479465, -0.100413, -0.9842, 0.145834, 0.213128, -0.637433, 1.58382)
bind/24/name = &"HandRing2.L"
bind/24/bone = -1
bind/24/pose = Transform3D(-0.0629984, -0.139991, -0.988147, 0.824021, -0.565885, 0.0276345, -0.563046, -0.812513, 0.151006, 0.212794, 0.170601, 1.71052)
bind/25/name = &"HandRing3.L"
bind/25/bone = -1
bind/25/pose = Transform3D(-0.0629983, -0.139991, -0.988147, 0.851222, -0.524423, 0.0200264, -0.52101, -0.839871, 0.152202, 0.212995, 0.056027, 1.71549)
bind/26/name = &"HandRing4.L"
bind/26/bone = -1
bind/26/pose = Transform3D(-0.0629984, -0.139992, -0.988147, 0.851222, -0.524423, 0.0200264, -0.52101, -0.839871, 0.152202, 0.213129, 0.0309712, 1.71549)
bind/27/name = &"HandPinky1.L"
bind/27/bone = -1
bind/27/pose = Transform3D(-0.117479, -0.136365, -0.983668, 0.836157, -0.547968, -0.0238979, -0.53576, -0.825309, 0.178398, 0.23041, 0.159956, 1.6966)
bind/28/name = &"HandPinky2.L"
bind/28/bone = -1
bind/28/pose = Transform3D(-0.117479, -0.136366, -0.983668, 0.859327, -0.510432, -0.0318679, -0.49775, -0.849037, 0.177148, 0.230427, 0.0593306, 1.70096)
bind/29/name = &"HandPinky3.L"
bind/29/bone = -1
bind/29/pose = Transform3D(-0.11748, -0.136365, -0.983668, 0.906304, -0.419649, -0.0500646, -0.405969, -0.897385, 0.172889, 0.23043, -0.137072, 1.69589)
bind/30/name = &"HandPinky4.L"
bind/30/bone = -1
bind/30/pose = Transform3D(-0.117479, -0.136366, -0.983668, 0.906307, -0.419643, -0.0500643, -0.405963, -0.897387, 0.172889, 0.230411, -0.1529, 1.69589)
bind/31/name = &"RightShoulder"
bind/31/bone = -1
bind/31/pose = Transform3D(1.93715e-07, 5.96046e-08, -1, -1, -1.04308e-07, -1.19209e-07, -5.96046e-08, 1, -5.96046e-08, -0.0497727, -0.0763904, -1.56471)
bind/32/name = &"RightUpperArm"
bind/32/bone = -1
bind/32/pose = Transform3D(-2.11876e-07, -7.45058e-08, 1, -1, -1.75089e-07, -1.16881e-07, 1.15484e-07, -1, 2.98023e-08, 0.0494187, -0.227914, 1.52324)
bind/33/name = &"RightLowerArm"
bind/33/bone = -1
bind/33/pose = Transform3D(-1.22935e-07, 1, -1.49012e-08, -1, -1.67638e-07, -1.234e-07, -2.11876e-07, -5.96046e-08, 1, -1.51392, -0.484976, 0.0417734)
bind/34/name = &"RightHand"
bind/34/bone = -1
bind/34/pose = Transform3D(-2.34693e-07, -8.9407e-08, 1, -1, -1.63913e-07, -1.35973e-07, 1.3411e-07, -1, 5.96046e-08, 0.0470837, -0.711854, 1.52328)
bind/35/name = &"RightThumbMetacarpal"
bind/35/bone = -1
bind/35/pose = Transform3D(2.08616e-07, -1, 4.09782e-08, -0.816993, -2.08616e-07, 0.577702, -0.577702, -2.98023e-08, -0.816993, 1.51024, -0.592552, -0.446048)
bind/36/name = &"RightThumbProximal"
bind/36/bone = -1
bind/36/pose = Transform3D(2.38419e-07, -1, 1.02445e-08, -0.816993, -2.38419e-07, 0.577702, -0.577702, -7.45058e-08, -0.816993, 1.49982, -0.62309, -0.443122)
bind/37/name = &"RightThumbDistal"
bind/37/bone = -1
bind/37/pose = Transform3D(2.38419e-07, -1, -1.49012e-08, -0.816993, -2.71946e-07, 0.577702, -0.577702, -7.45058e-08, -0.816993, 1.4902, -0.653664, -0.446693)
bind/38/name = &"HandThumb4.R"
bind/38/bone = -1
bind/38/pose = Transform3D(0.465685, 0.148406, 0.872418, -0.875267, -0.0681979, 0.478807, 0.130555, -0.986572, 0.0981365, 0.140149, -0.620949, 1.57223)
bind/39/name = &"RightIndexProximal"
bind/39/bone = -1
bind/39/pose = Transform3D(-2.36556e-07, -5.21541e-08, 1, -1, -2.08616e-07, -1.09896e-07, 1.49012e-07, -1, 8.9407e-08, 0.0079788, -0.810065, 1.52513)
bind/40/name = &"RightIndexIntermediate"
bind/40/bone = -1
bind/40/pose = Transform3D(-2.5332e-07, -6.70552e-08, 1, -1, -1.78814e-07, -1.15484e-07, 5.96046e-08, -1, 1.11759e-07, 0.00521436, -0.837233, 1.51835)
bind/41/name = &"RightIndexDistal"
bind/41/bone = -1
bind/41/pose = Transform3D(-2.42144e-07, -6.70552e-08, 1, -1, -1.78814e-07, -1.2666e-07, 0, -1, 1.2666e-07, 0.000776857, -0.859901, 1.50428)
bind/42/name = &"HandIndex4.R"
bind/42/bone = -1
bind/42/pose = Transform3D(0.0827872, 0.142365, 0.986346, -0.914165, -0.383232, 0.132043, 0.396798, -0.912614, 0.0984187, -0.142193, -0.23243, 1.71411)
bind/43/name = &"HandMiddle1.R"
bind/43/bone = -1
bind/43/pose = Transform3D(-0.132967, 0.129485, 0.982626, -0.960992, -0.259435, -0.0958523, 0.242516, -0.957041, 0.15893, -0.276785, -0.38678, 1.65804)
bind/44/name = &"HandMiddle2.R"
bind/44/bone = -1
bind/44/pose = Transform3D(-0.132966, 0.129486, 0.982626, -0.784673, -0.619423, -0.0245551, 0.605482, -0.774305, 0.183966, -0.276664, 0.278142, 1.68699)
bind/45/name = &"HandMiddle3.R"
bind/45/bone = -1
bind/45/pose = Transform3D(-0.132967, 0.129486, 0.982626, -0.884747, -0.462348, -0.058796, 0.446702, -0.877193, 0.176039, -0.27678, -0.0739801, 1.70359)
bind/46/name = &"HandMiddle4.R"
bind/46/bone = -1
bind/46/pose = Transform3D(-0.132967, 0.129486, 0.982626, -0.884748, -0.462347, -0.058796, 0.446701, -0.877194, 0.176039, -0.276786, -0.0957416, 1.70359)
bind/47/name = &"HandRing1.R"
bind/47/bone = -1
bind/47/pose = Transform3D(-0.0596872, 0.134587, 0.989102, -0.981523, -0.188374, -0.0335976, 0.181799, -0.972832, 0.143344, -0.202362, -0.508477, 1.63298)
bind/48/name = &"HandRing2.R"
bind/48/bone = -1
bind/48/pose = Transform3D(-0.0596873, 0.134587, 0.989103, -0.854972, -0.518329, 0.0189357, 0.515229, -0.844525, 0.146005, -0.202013, 0.070719, 1.71776)
bind/49/name = &"HandRing3.R"
bind/49/bone = -1
bind/49/pose = Transform3D(-0.0596871, 0.134587, 0.989102, -0.857548, -0.514081, 0.0182026, 0.510929, -0.847117, 0.146099, -0.202194, 0.0341703, 1.71795)
bind/50/name = &"HandRing4.R"
bind/50/bone = -1
bind/50/pose = Transform3D(-0.0596873, 0.134587, 0.989102, -0.857547, -0.514084, 0.0182026, 0.510931, -0.847115, 0.146099, -0.202361, 0.0101172, 1.71795)
bind/51/name = &"HandPinky1.R"
bind/51/bone = -1
bind/51/pose = Transform3D(-0.129169, 0.129768, 0.983095, -0.785538, -0.618436, -0.0215787, 0.605182, -0.775046, 0.181821, -0.230624, 0.306452, 1.67826)
bind/52/name = &"HandPinky2.R"
bind/52/bone = -1
bind/52/pose = Transform3D(-0.12917, 0.129768, 0.983095, -0.869707, -0.491086, -0.0494482, 0.476367, -0.861391, 0.176294, -0.230691, 0.0187257, 1.70165)
bind/53/name = &"HandPinky3.R"
bind/53/bone = -1
bind/53/pose = Transform3D(-0.12917, 0.129769, 0.983095, -0.959563, -0.266411, -0.0909115, 0.25011, -0.955084, 0.158934, -0.230692, -0.414018, 1.65051)
bind/54/name = &"HandPinky4.R"
bind/54/bone = -1
bind/54/pose = Transform3D(-0.12917, 0.129769, 0.983094, -0.959562, -0.266411, -0.0909114, 0.25011, -0.955084, 0.158933, -0.230625, -0.427913, 1.65051)
bind/55/name = &"LeftUpperLeg"
bind/55/bone = -1
bind/55/pose = Transform3D(-1, -4.09166e-08, 1.51866e-08, -4.83744e-08, -1, 2.00525e-08, -1.51906e-08, -2.08383e-08, 1, 0.10902, 1.00509, -0.0141325)
bind/56/name = &"LeftLowerLeg"
bind/56/bone = -1
bind/56/pose = Transform3D(1, 3.23635e-08, -1.49012e-08, -4.24334e-08, -1, 2.23517e-08, 1.58325e-08, 1.49012e-08, -1, -0.133163, 0.518484, 0.0139021)
bind/57/name = &"LeftFoot"
bind/57/bone = -1
bind/57/pose = Transform3D(-1, -3.1665e-08, 2.23517e-08, -5.58794e-09, -8.9407e-08, 1, 4.65661e-08, 1, 1.19209e-07, 0.161275, 0.0236934, -0.120375)
bind/58/name = &"LeftToes"
bind/58/bone = -1
bind/58/pose = Transform3D(1, -7.45058e-09, -7.10133e-08, 1.05356e-08, 2.8871e-08, 1, -8.9407e-08, -1, 1.30385e-08, -0.173759, -0.118236, 0.0105222)
bind/59/name = &"Toe_End.L"
bind/59/bone = -1
bind/59/pose = Transform3D(-0.98705, 0.0726163, 0.143023, 0.143547, 0.00202655, 0.989641, 0.071574, 0.997358, -0.0124242, 0.153834, -0.21084, -0.021462)
bind/60/name = &"RightUpperLeg"
bind/60/bone = -1
bind/60/pose = Transform3D(-1, 3.95457e-08, -7.07753e-08, 2.85717e-08, -1, 2.00234e-08, 7.07537e-08, -2.39816e-08, 1, -0.109021, 1.00509, -0.0144771)
bind/61/name = &"RightLowerLeg"
bind/61/bone = -1
bind/61/pose = Transform3D(1, -3.92902e-08, 7.03149e-08, 3.14903e-08, -1, 1.49012e-08, -7.03149e-08, 2.23517e-08, -1, 0.133164, 0.518484, 0.0130908)
bind/62/name = &"RightFoot"
bind/62/bone = -1
bind/62/pose = Transform3D(-1, 4.28408e-08, -6.89179e-08, 7.63685e-08, 5.96046e-08, 1, -3.53903e-08, 1, -1.49012e-07, -0.161276, 0.0227315, -0.120374)
bind/63/name = &"RightToes"
bind/63/bone = -1
bind/63/pose = Transform3D(1, -2.23517e-08, 9.45874e-08, 6.33299e-08, 6.23986e-08, 1, 4.47035e-08, -1, 2.468e-07, 0.17376, -0.115248, 0.0105232)
bind/64/name = &"Toe_End.R"
bind/64/bone = -1
bind/64/pose = Transform3D(-0.987328, -0.0679291, -0.143409, -0.143878, 0.00203925, 0.989593, -0.0669296, 0.997688, -0.0117871, -0.154315, -0.207777, -0.0207701)

[node name="MengHu" type="CharacterBody3D"]
script = ExtResource("1_jvy56")
metadata/_custom_type_script = "uid://b5pp10uxthdca"

[node name="CollisionShape3D" type="CollisionShape3D" parent="."]
transform = Transform3D(1, 0, 0, 0, 1, 0, 0, 0, 1, 0, 1, 0)
shape = SubResource("CapsuleShape3D_syaty")
debug_fill = false

[node name="Hurtbox" type="Area3D" parent="."]
script = ExtResource("7_wt1w2")
metadata/_custom_type_script = "uid://dy0h08l1jbwow"

[node name="CollisionShape3D" type="CollisionShape3D" parent="Hurtbox"]
transform = Transform3D(1, 0, 0, 0, 1, 0, 0, 0, 1, 0, 1, 0)
shape = SubResource("CapsuleShape3D_d4o7u")
debug_color = Color(0, 1, 0, 0.419608)

[node name="Hitbox" type="Area3D" parent="."]
script = ExtResource("8_c5q7b")
metadata/_custom_type_script = "uid://cy5434uldqvld"

[node name="CollisionShape3D" type="CollisionShape3D" parent="Hitbox"]
transform = Transform3D(-4.37114e-08, 1, 0, -1, -4.37114e-08, 0, 0, 0, 1, 0, 1, 0.933845)
shape = SubResource("CapsuleShape3D_vtbid")
disabled = true
debug_color = Color(1, 0, 0, 0.513726)

[node name="NavigationAgent3D" type="NavigationAgent3D" parent="."]

[node name="GeneralSkeleton" type="Skeleton3D" parent="."]
unique_name_in_owner = true
motion_scale = 1.06312
bones/0/name = "Root"
bones/0/parent = -1
bones/0/rest = Transform3D(1, 0, 0, 0, 1, 0, 0, 0, 1, 0, 0, 0)
bones/0/enabled = true
bones/0/position = Vector3(0, 0, 0)
bones/0/rotation = Quaternion(0, 0, 0, 1)
bones/0/scale = Vector3(1, 1, 1)
bones/1/name = "Hips"
bones/1/parent = 0
bones/1/rest = Transform3D(1, 0, 0, 0, 1, 0, 0, 0, 1, -5.08626e-07, 1.06312, 0.026291)
bones/1/enabled = true
bones/1/position = Vector3(-5.08626e-07, 1.06312, 0.026291)
bones/1/rotation = Quaternion(0, 0, 0, 1)
bones/1/scale = Vector3(1, 1, 1)
bones/2/name = "Spine"
bones/2/parent = 1
bones/2/rest = Transform3D(1, 0, 0, 0, 1, 0, 0, 0, 1, 0, 0.104447, -0.0152481)
bones/2/enabled = true
bones/2/position = Vector3(0, 0.104447, -0.0152481)
bones/2/rotation = Quaternion(0, 0, 0, 1)
bones/2/scale = Vector3(1, 1, 1)
bones/3/name = "Chest"
bones/3/parent = 2
bones/3/rest = Transform3D(1, 0, 0, 0, 1, 0, 0, 0, 1, 5.68434e-14, 0.121854, -0.0177895)
bones/3/enabled = true
bones/3/position = Vector3(5.68434e-14, 0.121854, -0.0177895)
bones/3/rotation = Quaternion(0, 0, 0, 1)
bones/3/scale = Vector3(1, 1, 1)
bones/4/name = "UpperChest"
bones/4/parent = 3
bones/4/rest = Transform3D(1, 0, 0, 0, 1, 0, 0, 0, 1, 5.68434e-14, 0.139262, -0.0203308)
bones/4/enabled = true
bones/4/position = Vector3(5.68434e-14, 0.139262, -0.0203308)
bones/4/rotation = Quaternion(0, 0, 0, 1)
bones/4/scale = Vector3(1, 1, 1)
bones/5/name = "Neck"
bones/5/parent = 4
bones/5/rest = Transform3D(1, 0, 0, 0, 1, 0, 0, 0, 1, 5.68434e-14, 0.15667, -0.0228722)
bones/5/enabled = true
bones/5/position = Vector3(5.68434e-14, 0.15667, -0.0228722)
bones/5/rotation = Quaternion(0, 0, 0, 1)
bones/5/scale = Vector3(1, 1, 1)
bones/6/name = "Head"
bones/6/parent = 5
bones/6/rest = Transform3D(1, 0, 0, 0, 1, 0, 0, 0, 1, 0, 0.0709143, 0.032736)
bones/6/enabled = true
bones/6/position = Vector3(0, 0.0709143, 0.032736)
bones/6/rotation = Quaternion(0, 0, 0, 1)
bones/6/scale = Vector3(1, 1, 1)
bones/7/name = "HeadTop_End"
bones/7/parent = 6
bones/7/rest = Transform3D(1, 0, 0, 0, 1, 1.01016e-07, 0, -1.30818e-07, 1, 0, 0.204402, 0.094358)
bones/7/enabled = true
bones/7/position = Vector3(0, 0.204402, 0.094358)
bones/7/rotation = Quaternion(-6.54091e-08, 0, 0, 1)
bones/7/scale = Vector3(1, 1, 1)
bones/8/name = "Helmet"
bones/8/parent = 6
bones/8/rest = Transform3D(1, 0, 0, 0, 1, 1.49011e-08, 0, -4.47035e-08, 1, -7.33869e-05, 0.127242, 0.0339429)
bones/8/enabled = true
bones/8/position = Vector3(-7.33869e-05, 0.127242, 0.0339429)
bones/8/rotation = Quaternion(-2.23517e-08, 0, 0, 1)
bones/8/scale = Vector3(1, 1, 1)
bones/9/name = "LeftShoulder"
bones/9/parent = 4
bones/9/rest = Transform3D(0, 1, 0, 0, 0, 1, 1, 0, 0, 0.07639, 0.13602, -0.0230492)
bones/9/enabled = true
bones/9/position = Vector3(0.07639, 0.13602, -0.0230492)
bones/9/rotation = Quaternion(0.5, 0.5, 0.5, -0.5)
bones/9/scale = Vector3(1, 1, 1)
bones/10/name = "LeftUpperArm"
bones/10/parent = 9
bones/10/rest = Transform3D(-1, 0, 0, 0, 1, 0, 0, 0, -1, -0.000353988, 0.151524, -0.0414649)
bones/10/enabled = true
bones/10/position = Vector3(-0.000353988, 0.151524, -0.0414649)
bones/10/rotation = Quaternion(0, 1, 0, 0)
bones/10/scale = Vector3(1, 1, 1)
bones/11/name = "LeftLowerArm"
bones/11/parent = 10
bones/11/rest = Transform3D(0, 0, -1, 0, 1, 0, 1, 0, 0, -0.00884951, 0.257062, 0.00932102)
bones/11/enabled = true
bones/11/position = Vector3(-0.00884951, 0.257062, 0.00932102)
bones/11/rotation = Quaternion(0, -0.707107, 0, 0.707107)
bones/11/scale = Vector3(1, 1, 1)
bones/12/name = "LeftHand"
bones/12/parent = 11
bones/12/rest = Transform3D(0, 0, 1, 0, 1, 0, -1, 0, 0, -0.0093555, 0.226877, -0.00472523)
bones/12/enabled = true
bones/12/position = Vector3(-0.0093555, 0.226877, -0.00472523)
bones/12/rotation = Quaternion(0, 0.707107, 0, 0.707107)
bones/12/scale = Vector3(1, 1, 1)
bones/13/name = "LeftThumbMetacarpal"
bones/13/parent = 12
bones/13/rest = Transform3D(0, -0.577, 0.816, 0, 0.816, 0.577, -1, 0, 0, -0.0245908, 0.0301418, 0.0130633)
bones/13/enabled = true
bones/13/position = Vector3(-0.0245908, 0.0301418, 0.0130633)
bones/13/rotation = Quaternion(-0.214187, 0.673887, 0.214187, 0.673887)
bones/13/scale = Vector3(1, 0.999392, 0.999392)
bones/14/name = "LeftThumbProximal"
bones/14/parent = 13
bones/14/rest = Transform3D(1, 0, 0, 0, 1, 2.98023e-08, 0, -2.98023e-08, 1, -0.0104508, 0.0310653, -0.00214205)
bones/14/enabled = true
bones/14/position = Vector3(-0.0104508, 0.0310653, -0.00214205)
bones/14/rotation = Quaternion(-1.49012e-08, 0, 0, 1)
bones/14/scale = Vector3(1, 1, 1)
bones/15/name = "LeftThumbDistal"
bones/15/parent = 14
bones/15/rest = Transform3D(1, 0, 0, 0, 1, 0, 0, 0, 1, -0.0101144, 0.0299687, 0.00339896)
bones/15/enabled = true
bones/15/position = Vector3(-0.0101144, 0.0299687, 0.00339896)
bones/15/rotation = Quaternion(0, 0, 0, 1)
bones/15/scale = Vector3(1, 1, 1)
bones/16/name = "HandThumb4.L"
bones/16/parent = 15
bones/16/rest = Transform3D(-0.1528, -0.0239955, -0.987966, -0.174718, 0.985231, 0.00309315, 0.9733, 0.173089, -0.154736, -0.00147694, 0.0200998, 0.00984299)
bones/16/enabled = true
bones/16/position = Vector3(-0.00147694, 0.0200998, 0.00984299)
bones/16/rotation = Quaternion(0.0655909, -0.75695, -0.0581534, 0.647567)
bones/16/scale = Vector3(1.00059, 1.00061, 1.00001)
bones/17/name = "LeftIndexProximal"
bones/17/parent = 12
bones/17/rest = Transform3D(1, 0, 0, 0, 1, 0, 0, 0, 1, -0.0380074, 0.0932634, -0.00177523)
bones/17/enabled = true
bones/17/position = Vector3(-0.0380074, 0.0932634, -0.00177523)
bones/17/rotation = Quaternion(0, 0, 0, 1)
bones/17/scale = Vector3(1, 1, 1)
bones/18/name = "LeftIndexIntermediate"
bones/18/parent = 17
bones/18/rest = Transform3D(1, 0, 0, 0, 1, 0, 0, 0, 1, -0.00271222, 0.0298287, 0.00554373)
bones/18/enabled = true
bones/18/position = Vector3(-0.00271222, 0.0298287, 0.00554373)
bones/18/rotation = Quaternion(0, 0, 0, 1)
bones/18/scale = Vector3(1, 1, 1)
bones/19/name = "LeftIndexDistal"
bones/19/parent = 18
bones/19/rest = Transform3D(1, 0, 0, 0, 1, 0, 0, 0, 1, -0.00483035, 0.0244763, 0.0152205)
bones/19/enabled = true
bones/19/position = Vector3(-0.00483035, 0.0244763, 0.0152205)
bones/19/rotation = Quaternion(0, 0, 0, 1)
bones/19/scale = Vector3(1, 1, 1)
bones/20/name = "HandIndex4.L"
bones/20/parent = 19
bones/20/rest = Transform3D(0.985684, -0.134053, -0.102251, 0.0816087, 0.910048, -0.406391, 0.147531, 0.392229, 0.90796, -0.00320802, 0.0213686, 0.00920328)
bones/20/enabled = true
bones/20/position = Vector3(-0.00320802, 0.0213686, 0.00920328)
bones/20/rotation = Quaternion(0.204742, -0.0640368, 0.0552892, 0.975153)
bones/20/scale = Vector3(1, 1, 1)
bones/21/name = "HandMiddle1.L"
bones/21/parent = 12
bones/21/rest = Transform3D(0.987902, 0.0331619, -0.15149, -0.0672813, 0.971795, -0.226027, 0.139722, 0.233485, 0.96227, -0.0156736, 0.093674, 0.00075025)
bones/21/enabled = true
bones/21/position = Vector3(-0.0156736, 0.093674, 0.00075025)
bones/21/rotation = Quaternion(0.116015, -0.0735236, -0.0253594, 0.990198)
bones/21/scale = Vector3(1, 1, 1)
bones/22/name = "HandMiddle2.L"
bones/22/parent = 21
bones/22/rest = Transform3D(1, -1.24797e-07, 4.47035e-08, 1.41561e-07, 0.935268, -0.35394, -1.49012e-08, 0.35394, 0.935268, 0.000247497, 0.0316557, 9.59267e-08)
bones/22/enabled = true
bones/22/position = Vector3(0.000247497, 0.0316557, 9.59267e-08)
bones/22/rotation = Quaternion(0.179905, 2.00628e-08, 6.82853e-08, 0.983684)
bones/22/scale = Vector3(1, 1, 1)
bones/23/name = "HandMiddle3.L"
bones/23/parent = 22
bones/23/rest = Transform3D(1, 4.48897e-07, -1.49012e-08, -4.47035e-07, 0.999908, 0.0136129, 2.98023e-08, -0.0136129, 0.999907, -0.000138989, 0.0305371, -4.19297e-09)
bones/23/enabled = true
bones/23/position = Vector3(-0.000138989, 0.0305371, -4.19297e-09)
bones/23/rotation = Quaternion(-0.00680663, -1.33794e-08, -2.23614e-07, 0.999977)
bones/23/scale = Vector3(1, 1, 1)
bones/24/name = "HandMiddle4.L"
bones/24/parent = 23
bones/24/rest = Transform3D(1, -5.60656e-07, -1.19209e-07, 5.55068e-07, 1, 2.48034e-06, 8.9407e-08, -2.49548e-06, 1, -0.000108511, 0.0265438, -2.0855e-08)
bones/24/enabled = true
bones/24/position = Vector3(-0.000108511, 0.0265438, -2.0855e-08)
bones/24/rotation = Quaternion(-1.24774e-06, -4.47038e-08, 2.77534e-07, 1)
bones/24/scale = Vector3(1, 1, 1)
bones/25/name = "HandRing1.L"
bones/25/parent = 12
bones/25/rest = Transform3D(0.988147, 0.0479465, -0.145834, -0.0629988, 0.99295, -0.100413, 0.139991, 0.10841, 0.9842, 0.00457871, 0.093549, 0.00374717)
bones/25/enabled = true
bones/25/position = Vector3(0.00457871, 0.093549, 0.00374717)
bones/25/rotation = Quaternion(0.0524337, -0.0717681, -0.0278575, 0.995653)
bones/25/scale = Vector3(1, 1, 1)
bones/26/name = "HandRing2.L"
bones/26/parent = 25
bones/26/rest = Transform3D(1, -4.52623e-07, -2.98023e-07, 2.68221e-07, 0.878234, -0.478232, 4.76837e-07, 0.478232, 0.878233, 0.000334859, 0.0307645, 1.54716e-07)
bones/26/enabled = true
bones/26/position = Vector3(0.000334859, 0.0307645, 1.54716e-07)
bones/26/rotation = Quaternion(0.246745, -1.97956e-07, 1.88792e-07, 0.96908)
bones/26/scale = Vector3(1, 1, 1)
bones/27/name = "HandRing3.L"
bones/27/parent = 26
bones/27/rest = Transform3D(1, -7.63685e-08, 1.49012e-07, 9.12696e-08, 0.998742, 0.0501535, -1.49012e-07, -0.0501534, 0.998742, -0.000201233, 0.0286065, -2.39353e-07)
bones/27/enabled = true
bones/27/position = Vector3(-0.000201233, 0.0286065, -2.39353e-07)
bones/27/rotation = Quaternion(-0.0250846, 7.33376e-08, 4.74894e-08, 0.999685)
bones/27/scale = Vector3(1, 1, 1)
bones/28/name = "HandRing4.L"
bones/28/parent = 27
bones/28/rest = Transform3D(1, -1.67638e-08, -2.68221e-07, 1.49012e-08, 1, 1.31084e-07, 2.68221e-07, -1.4226e-07, 1, -0.000133601, 0.0250556, 3.4151e-07)
bones/28/enabled = true
bones/28/position = Vector3(-0.000133601, 0.0250556, 3.4151e-07)
bones/28/rotation = Quaternion(-7.11298e-08, -1.3411e-07, 7.45057e-09, 1)
bones/28/scale = Vector3(1, 1, 1)
bones/29/name = "HandPinky1.L"
bones/29/parent = 12
bones/29/rest = Transform3D(0.983668, 0.0238979, -0.178398, -0.11748, 0.836158, -0.53576, 0.136365, 0.547968, 0.825309, 0.025843, 0.0904359, 0.00398916)
bones/29/enabled = true
bones/29/position = Vector3(0.025843, 0.0904359, 0.00398916)
bones/29/rotation = Quaternion(0.283814, -0.0824322, -0.0370249, 0.954612)
bones/29/scale = Vector3(1, 1, 1)
bones/30/name = "HandPinky2.L"
bones/30/parent = 29
bones/30/rest = Transform3D(1, -8.45641e-07, -2.83122e-07, 8.45641e-07, 0.998995, 0.0448142, 2.38419e-07, -0.0448142, 0.998995, -1.64131e-05, 0.0244575, 9.36588e-08)
bones/30/enabled = true
bones/30/position = Vector3(-1.64131e-05, 0.0244575, 9.36588e-08)
bones/30/rotation = Quaternion(-0.0224127, -1.28656e-07, 4.20043e-07, 0.999749)
bones/30/scale = Vector3(1, 1, 1)
bones/31/name = "HandPinky3.L"
bones/31/parent = 30
bones/31/rest = Transform3D(1, 1.12131e-06, 2.98023e-08, -1.11386e-06, 0.99461, 0.103684, 8.9407e-08, -0.103684, 0.99461, -2.27941e-06, 0.0198272, -1.97383e-07)
bones/31/enabled = true
bones/31/position = Vector3(-2.27941e-06, 0.0198272, -1.97383e-07)
bones/31/rotation = Quaternion(-0.051912, -1.57318e-08, -5.58501e-07, 0.998652)
bones/31/scale = Vector3(1, 1, 1)
bones/32/name = "HandPinky4.L"
bones/32/parent = 31
bones/32/rest = Transform3D(1, -1.48267e-06, -1.19209e-07, 1.49012e-06, 1, 6.69993e-06, 1.19209e-07, -6.77444e-06, 1, 1.8679e-05, 0.015816, -1.12325e-07)
bones/32/enabled = true
bones/32/position = Vector3(1.8679e-05, 0.015816, -1.12325e-07)
bones/32/rotation = Quaternion(-3.38722e-06, -5.96072e-08, 7.45058e-07, 1)
bones/32/scale = Vector3(1, 1, 1)
bones/33/name = "ShoulderPad.L"
bones/33/parent = 10
bones/33/rest = Transform3D(-4.19095e-08, 2.23517e-07, -1, 1, -1.49012e-08, -2.32831e-08, 1.86265e-08, -1, -1.19209e-07, -0.00516776, 0.0898788, -0.0690119)
bones/33/enabled = true
bones/33/position = Vector3(-0.00516776, 0.0898788, -0.0690119)
bones/33/rotation = Quaternion(0.5, 0.5, -0.5, -0.5)
bones/33/scale = Vector3(1, 1, 1)
bones/34/name = "RightShoulder"
bones/34/parent = 4
bones/34/rest = Transform3D(0, -1, 0, 0, 0, 1, -1, 0, 0, -0.07639, 0.13602, -0.0226952)
bones/34/enabled = true
bones/34/position = Vector3(-0.07639, 0.13602, -0.0226952)
bones/34/rotation = Quaternion(0.5, -0.5, -0.5, -0.5)
bones/34/scale = Vector3(1, 1, 1)
bones/35/name = "RightUpperArm"
bones/35/parent = 34
bones/35/rest = Transform3D(-1, 0, 0, 0, 1, 0, 0, 0, -1, -0.000354001, 0.151524, -0.0414649)
bones/35/enabled = true
bones/35/position = Vector3(-0.000354001, 0.151524, -0.0414649)
bones/35/rotation = Quaternion(0, 1, 0, 0)
bones/35/scale = Vector3(1, 1, 1)
bones/36/name = "RightLowerArm"
bones/36/parent = 35
bones/36/rest = Transform3D(0, 0, 1, 0, 1, 0, -1, 0, 0, 0.00764527, 0.257062, 0.00932126)
bones/36/enabled = true
bones/36/position = Vector3(0.00764527, 0.257062, 0.00932126)
bones/36/rotation = Quaternion(0, 0.707107, 0, 0.707107)
bones/36/scale = Vector3(1, 1, 1)
bones/37/name = "RightHand"
bones/37/parent = 36
bones/37/rest = Transform3D(0, 0, -1, 0, 1, 0, 1, 0, 0, 0.00935565, 0.226878, -0.00531031)
bones/37/enabled = true
bones/37/position = Vector3(0.00935565, 0.226878, -0.00531031)
bones/37/rotation = Quaternion(0, -0.707107, 0, 0.707107)
bones/37/scale = Vector3(1, 1, 1)
bones/38/name = "RightThumbMetacarpal"
bones/38/parent = 37
bones/38/rest = Transform3D(0, 0.577, -0.816, 0, 0.816, 0.577, 1, 0, 0, 0.0250106, 0.029038, 0.0130318)
bones/38/enabled = true
bones/38/position = Vector3(0.0250106, 0.029038, 0.0130318)
bones/38/rotation = Quaternion(-0.214187, -0.673887, -0.214187, 0.673887)
bones/38/scale = Vector3(1, 0.999392, 0.999392)
bones/39/name = "RightThumbProximal"
bones/39/parent = 38
bones/39/rest = Transform3D(1, 0, 0, 0, 1, 2.98023e-08, 0, -2.98023e-08, 1, 0.0104252, 0.0305381, -0.00292655)
bones/39/enabled = true
bones/39/position = Vector3(0.0104252, 0.0305381, -0.00292655)
bones/39/rotation = Quaternion(-1.49012e-08, 0, 0, 1)
bones/39/scale = Vector3(1, 1, 1)
bones/40/name = "RightThumbDistal"
bones/40/parent = 39
bones/40/rest = Transform3D(1, 0, 0, 0, 1, 0, 0, 0, 1, 0.00962289, 0.0305747, 0.00357145)
bones/40/enabled = true
bones/40/position = Vector3(0.00962289, 0.0305747, 0.00357145)
bones/40/rotation = Quaternion(0, 0, 0, 1)
bones/40/scale = Vector3(1, 1, 1)
bones/41/name = "HandThumb4.R"
bones/41/parent = 40
bones/41/rest = Transform3D(-0.148406, 0.0681976, 0.986572, 0.123536, 0.991695, -0.0499686, -0.981786, 0.114462, -0.155599, 0.00222468, 0.0233759, 0.00661516)
bones/41/enabled = true
bones/41/position = Vector3(0.00222468, 0.0233759, 0.00661516)
bones/41/rotation = Quaternion(0.0632468, 0.757434, 0.0212877, 0.649493)
bones/41/scale = Vector3(1.00059, 1.00061, 1.00002)
bones/42/name = "RightIndexProximal"
bones/42/parent = 37
bones/42/rest = Transform3D(1, 0, 0, 0, 1, 0, 0, 0, 1, 0.0391049, 0.0982114, -0.00185416)
bones/42/enabled = true
bones/42/position = Vector3(0.0391049, 0.0982114, -0.00185416)
bones/42/rotation = Quaternion(0, 0, 0, 1)
bones/42/scale = Vector3(1, 1, 1)
bones/43/name = "RightIndexIntermediate"
bones/43/parent = 42
bones/43/rest = Transform3D(1, 0, 0, 0, 1, 0, 0, 0, 1, 0.00276447, 0.0271675, 0.0067785)
bones/43/enabled = true
bones/43/position = Vector3(0.00276447, 0.0271675, 0.0067785)
bones/43/rotation = Quaternion(0, 0, 0, 1)
bones/43/scale = Vector3(1, 1, 1)
bones/44/name = "RightIndexDistal"
bones/44/parent = 43
bones/44/rest = Transform3D(1, 0, 0, 0, 1, 0, 0, 0, 1, 0.00443752, 0.0226684, 0.0140685)
bones/44/enabled = true
bones/44/position = Vector3(0.00443752, 0.0226684, 0.0140685)
bones/44/rotation = Quaternion(0, 0, 0, 1)
bones/44/scale = Vector3(1, 1, 1)
bones/45/name = "HandIndex4.R"
bones/45/parent = 44
bones/45/rest = Transform3D(0.986346, 0.132043, 0.0984187, -0.0827874, 0.914165, -0.396798, -0.142365, 0.383232, 0.912615, 0.00301792, 0.0209628, 0.00878854)
bones/45/enabled = true
bones/45/position = Vector3(0.00301792, 0.0209628, 0.00878854)
bones/45/rotation = Quaternion(0.199729, 0.0616534, -0.0550079, 0.976361)
bones/45/scale = Vector3(1, 1, 1)
bones/46/name = "HandMiddle1.R"
bones/46/parent = 37
bones/46/rest = Transform3D(0.982626, -0.0958521, 0.15893, 0.132966, 0.960992, -0.242516, -0.129485, 0.259434, 0.957041, 0.0184731, 0.0987421, 0.000967492)
bones/46/enabled = true
bones/46/position = Vector3(0.0184731, 0.0987421, 0.000967492)
bones/46/rotation = Quaternion(0.127075, 0.0730162, 0.0579285, 0.987504)
bones/46/scale = Vector3(1, 1, 1)
bones/47/name = "HandMiddle2.R"
bones/47/parent = 46
bones/47/rest = Transform3D(1, 8.27014e-07, 2.38419e-07, -6.63102e-07, 0.917118, -0.398615, -5.06639e-07, 0.398616, 0.917118, -0.000120975, 0.0305911, 8.89582e-08)
bones/47/enabled = true
bones/47/position = Vector3(-0.000120975, 0.0305911, 8.89582e-08)
bones/47/rotation = Quaternion(0.20357, 1.80521e-07, -3.76177e-07, 0.97906)
bones/47/scale = Vector3(1, 1, 1)
bones/48/name = "HandMiddle3.R"
bones/48/parent = 47
bones/48/rest = Transform3D(1, -5.92321e-07, 1.78814e-07, 5.58794e-07, 0.98207, 0.188516, -2.98023e-07, -0.188516, 0.98207, 0.000115484, 0.0296419, -3.7157e-08)
bones/48/enabled = true
bones/48/position = Vector3(0.000115484, 0.0296419, -3.7157e-08)
bones/48/rotation = Quaternion(-0.0946835, 1.21888e-07, 2.92251e-07, 0.995507)
bones/48/scale = Vector3(1, 1, 1)
bones/49/name = "HandMiddle4.R"
bones/49/parent = 48
bones/49/rest = Transform3D(1, 1.78814e-07, 0, -1.9744e-07, 1, 1.22283e-06, 0, -1.21165e-06, 1, 5.52807e-06, 0.0217594, -1.45752e-07)
bones/49/enabled = true
bones/49/position = Vector3(5.52807e-06, 0.0217594, -1.45752e-07)
bones/49/rotation = Quaternion(-6.05826e-07, 5.98072e-14, -9.87202e-08, 1)
bones/49/scale = Vector3(1, 1, 1)
bones/50/name = "HandRing1.R"
bones/50/parent = 37
bones/50/rest = Transform3D(0.989103, -0.0335975, 0.143344, 0.059687, 0.981523, -0.181799, -0.134587, 0.188374, 0.972832, -0.00392176, 0.0961808, 0.00320649)
bones/50/enabled = true
bones/50/position = Vector3(-0.00392176, 0.0961808, 0.00320649)
bones/50/rotation = Quaternion(0.0932043, 0.0699792, 0.0234877, 0.992907)
bones/50/scale = Vector3(1, 1, 1)
bones/51/name = "HandRing2.R"
bones/51/parent = 50
bones/51/rest = Transform3D(1, -3.40864e-07, -4.61936e-07, 1.63913e-07, 0.936177, -0.351528, 5.51343e-07, 0.351528, 0.936177, -0.000348136, 0.029157, -2.03926e-07)
bones/51/enabled = true
bones/51/position = Vector3(-0.000348136, 0.029157, -2.03926e-07)
bones/51/rotation = Quaternion(0.178637, -2.56597e-07, 1.29883e-07, 0.983915)
bones/51/scale = Vector3(1, 1, 1)
bones/52/name = "HandRing3.R"
bones/52/parent = 51
bones/52/rest = Transform3D(1, 3.31551e-07, 3.27826e-07, -3.39001e-07, 0.999988, 0.00502209, -3.42727e-07, -0.00502203, 0.999987, 0.000180274, 0.0279215, 4.43353e-08)
bones/52/enabled = true
bones/52/position = Vector3(0.000180274, 0.0279215, 4.43353e-08)
bones/52/rotation = Quaternion(-0.00251102, 1.71788e-07, -1.6907e-07, 0.999997)
bones/52/scale = Vector3(1, 1, 1)
bones/53/name = "HandRing4.R"
bones/53/parent = 52
bones/53/rest = Transform3D(1, -3.55765e-07, -2.98023e-07, 3.50177e-07, 1, -2.82773e-06, 2.98023e-07, 2.83378e-06, 1, 0.000167977, 0.024058, 2.27016e-07)
bones/53/enabled = true
bones/53/position = Vector3(0.000167977, 0.024058, 2.27016e-07)
bones/53/rotation = Quaternion(1.41689e-06, -1.49011e-07, 1.75089e-07, 1)
bones/53/scale = Vector3(1, 1, 1)
bones/54/name = "HandPinky1.R"
bones/54/parent = 37
bones/54/rest = Transform3D(0.983095, -0.0215785, 0.181821, 0.129169, 0.785539, -0.605182, -0.129768, 0.618436, 0.775046, -0.024721, 0.0928589, 0.00309714)
bones/54/enabled = true
bones/54/position = Vector3(-0.024721, 0.0928589, 0.00309714)
bones/54/rotation = Quaternion(0.325004, 0.0827609, 0.0400399, 0.941233)
bones/54/scale = Vector3(1, 1, 1)
bones/55/name = "HandPinky2.R"
bones/55/parent = 54
bones/55/rest = Transform3D(1, -3.7998e-07, 2.68221e-07, 3.35276e-07, 0.98796, 0.154707, -2.98023e-07, -0.154707, 0.98796, 6.57815e-05, 0.0246951, -8.3815e-09)
bones/55/enabled = true
bones/55/position = Vector3(6.57815e-05, 0.0246951, -8.3815e-09)
bones/55/rotation = Quaternion(-0.0775874, 1.35556e-07, 1.78694e-07, 0.996986)
bones/55/scale = Vector3(1, 1, 1)
bones/56/name = "HandPinky3.R"
bones/56/parent = 55
bones/56/rest = Transform3D(1, 2.98023e-08, 4.61936e-07, -1.2666e-07, 0.969864, 0.243647, -4.76837e-07, -0.243647, 0.969864, 8.79784e-07, 0.0181248, 1.44867e-07)
bones/56/enabled = true
bones/56/position = Vector3(8.79784e-07, 0.0181248, 1.44867e-07)
bones/56/rotation = Quaternion(-0.122752, 2.44389e-07, -3.35847e-08, 0.992437)
bones/56/scale = Vector3(1, 1, 1)
bones/57/name = "HandPinky4.R"
bones/57/parent = 56
bones/57/rest = Transform3D(1, 1.49012e-08, -2.68221e-07, -1.49012e-08, 1, 1.30385e-08, 2.98023e-07, -3.91155e-08, 1, -6.66603e-05, 0.013895, 7.04704e-08)
bones/57/enabled = true
bones/57/position = Vector3(-6.66603e-05, 0.013895, 7.04704e-08)
bones/57/rotation = Quaternion(-1.95578e-08, -1.49012e-07, -7.45058e-09, 1)
bones/57/scale = Vector3(1, 1, 1)
bones/58/name = "ShoulderPad.R"
bones/58/parent = 35
bones/58/rest = Transform3D(-1.64378e-07, -8.9407e-08, 1, -1, -2.27243e-07, -1.52737e-07, 2.30968e-07, -1, -2.98023e-08, 0.00409303, 0.0902172, -0.0690155)
bones/58/enabled = true
bones/58/position = Vector3(0.00409303, 0.0902172, -0.0690155)
bones/58/rotation = Quaternion(0.5, -0.5, 0.5, -0.5)
bones/58/scale = Vector3(1, 1, 1)
bones/59/name = "LeftUpperLeg"
bones/59/parent = 1
bones/59/rest = Transform3D(-1, 0, 0, 0, -1, 0, 0, 0, 1, 0.10902, -0.0580372, -0.0121585)
bones/59/enabled = true
bones/59/position = Vector3(0.10902, -0.0580372, -0.0121585)
bones/59/rotation = Quaternion(0, 0, 1, 0)
bones/59/scale = Vector3(1, 1, 1)
bones/60/name = "LeftLowerLeg"
bones/60/parent = 59
bones/60/rest = Transform3D(-1, 0, 0, 0, 1, 0, 0, 0, -1, -0.0241433, 0.486603, -0.000230422)
bones/60/enabled = true
bones/60/position = Vector3(-0.0241433, 0.486603, -0.000230422)
bones/60/rotation = Quaternion(0, 1, 0, 0)
bones/60/scale = Vector3(1, 1, 1)
bones/61/name = "LeftFoot"
bones/61/parent = 60
bones/61/rest = Transform3D(-1, 0, 0, 0, 0, -1, 0, -1, 0, 0.0281118, 0.398109, 0.0375954)
bones/61/enabled = true
bones/61/position = Vector3(0.0281118, 0.398109, 0.0375954)
bones/61/rotation = Quaternion(0, 0.707107, -0.707107, 0)
bones/61/scale = Vector3(1, 1, 1)
bones/62/name = "LeftToes"
bones/62/parent = 61
bones/62/rest = Transform3D(-1, 0, 0, 0, 1, 0, 0, 0, -1, -0.0124838, 0.14193, -0.109853)
bones/62/enabled = true
bones/62/position = Vector3(-0.0124838, 0.14193, -0.109853)
bones/62/rotation = Quaternion(0, 1, 0, 0)
bones/62/scale = Vector3(1, 1, 1)
bones/63/name = "Toe_End.L"
bones/63/parent = 62
bones/63/rest = Transform3D(-0.987054, 0.143548, 0.0715743, 0.143023, 0.989642, -0.0124242, -0.0726161, -0.00202658, -0.997358, 0.00988537, 0.0681514, -0.000139564)
bones/63/enabled = true
bones/63/position = Vector3(0.00988537, 0.0681514, -0.000139564)
bones/63/rotation = Quaternion(0.071876, 0.996751, -0.00362448, 0.036165)
bones/63/scale = Vector3(1, 1, 1)
bones/64/name = "ThighArmour.L"
bones/64/parent = 59
bones/64/rest = Transform3D(-1, -9.30707e-08, 4.71005e-10, -7.4444e-08, -1, -8.14907e-10, 5.52774e-10, -9.02219e-10, 1, -0.0635959, 0.201567, -0.00588573)
bones/64/enabled = true
bones/64/position = Vector3(-0.0635959, 0.201567, -0.00588573)
bones/64/rotation = Quaternion(2.76387e-10, -4.51109e-10, 1, -3.7222e-08)
bones/64/scale = Vector3(1, 1, 1)
bones/65/name = "RightUpperLeg"
bones/65/parent = 1
bones/65/rest = Transform3D(-1, 0, 0, 0, -1, 0, 0, 0, 1, -0.10902, -0.0580372, -0.0118139)
bones/65/enabled = true
bones/65/position = Vector3(-0.10902, -0.0580372, -0.0118139)
bones/65/rotation = Quaternion(0, 0, 1, 0)
bones/65/scale = Vector3(1, 1, 1)
bones/66/name = "RightLowerLeg"
bones/66/parent = 65
bones/66/rest = Transform3D(-1, 0, 0, 0, 1, 0, 0, 0, -1, 0.0241433, 0.486603, -0.00138629)
bones/66/enabled = true
bones/66/position = Vector3(0.0241433, 0.486603, -0.00138629)
bones/66/rotation = Quaternion(0, 1, 0, 0)
bones/66/scale = Vector3(1, 1, 1)
bones/67/name = "RightFoot"
bones/67/parent = 66
bones/67/rest = Transform3D(-1, 0, 0, 0, 0, -1, 0, -1, 0, -0.0281118, 0.39811, 0.0358223)
bones/67/enabled = true
bones/67/position = Vector3(-0.0281118, 0.39811, 0.0358223)
bones/67/rotation = Quaternion(0, 0.707107, -0.707107, 0)
bones/67/scale = Vector3(1, 1, 1)
bones/68/name = "RightToes"
bones/68/parent = 67
bones/68/rest = Transform3D(-1, 0, 0, 0, 1, 0, 0, 0, -1, 0.0124837, 0.13798, -0.109851)
bones/68/enabled = true
bones/68/position = Vector3(0.0124837, 0.13798, -0.109851)
bones/68/rotation = Quaternion(0, 1, 0, 0)
bones/68/scale = Vector3(1, 1, 1)
bones/69/name = "Toe_End.R"
bones/69/parent = 68
